  -1.8000000e+02  -4.3404919e+01  -4.7200332e+01  -4.5134207e+01  -5.0443943e+01  -5.1953301e+01  -5.1478441e+01  -5.2423887e+01  -5.6032434e+01  -5.7294134e+01  -4.1297043e+01  -4.1497013e+01  -5.2283467e+01
  -1.7900000e+02  -4.7776645e+01  -5.0244602e+01  -4.7673622e+01  -5.6193138e+01  -5.5810615e+01  -5.4074608e+01  -5.4312164e+01  -5.8366214e+01  -6.0097631e+01  -3.9742684e+01  -3.9607678e+01  -5.0724218e+01
  -1.7800000e+02  -5.3167215e+01  -5.3074246e+01  -5.0743837e+01  -5.4711155e+01  -5.3188864e+01  -5.3882454e+01  -5.9867049e+01  -6.4434876e+01  -6.5547199e+01  -3.8690985e+01  -3.8952981e+01  -5.0113518e+01
  -1.7700000e+02  -5.0100795e+01  -5.2299266e+01  -5.4251326e+01  -5.1742883e+01  -5.0674477e+01  -5.1937134e+01  -6.4499417e+01  -6.2697098e+01  -6.3968403e+01  -3.8841196e+01  -3.9360111e+01  -4.8178497e+01
  -1.7600000e+02  -4.7028774e+01  -5.0429366e+01  -5.5896758e+01  -5.1387392e+01  -5.0247356e+01  -5.1351018e+01  -5.5516956e+01  -5.7072692e+01  -5.9566160e+01  -4.0031841e+01  -4.1223156e+01  -4.8001261e+01
  -1.7500000e+02  -4.6332959e+01  -4.9567968e+01  -5.3128714e+01  -5.3024496e+01  -5.1845632e+01  -5.3563519e+01  -5.1886298e+01  -5.4611525e+01  -5.7603509e+01  -4.2369919e+01  -4.5227474e+01  -5.1900020e+01
  -1.7400000e+02  -4.7897031e+01  -4.9180891e+01  -4.9783367e+01  -5.7649473e+01  -5.7356898e+01  -6.0010475e+01  -4.9844824e+01  -5.3063556e+01  -5.6192726e+01  -4.7637315e+01  -4.6910276e+01  -5.1458620e+01
  -1.7300000e+02  -5.3164693e+01  -4.8385181e+01  -4.7215252e+01  -7.3098209e+01  -6.9288919e+01  -5.3732688e+01  -4.8157783e+01  -5.1569995e+01  -5.4919156e+01  -5.4426793e+01  -4.3836493e+01  -4.5560666e+01
  -1.7200000e+02  -6.3089332e+01  -4.7236303e+01  -4.5258033e+01  -5.7132578e+01  -5.4158587e+01  -4.8450244e+01  -4.6750873e+01  -5.0140507e+01  -5.3544271e+01  -5.1421722e+01  -4.2988299e+01  -4.1899453e+01
  -1.7100000e+02  -4.9935125e+01  -4.6080441e+01  -4.3908484e+01  -5.2556758e+01  -5.0274575e+01  -4.6179234e+01  -4.6110626e+01  -4.9400121e+01  -5.2604761e+01  -5.0906391e+01  -4.4628018e+01  -4.0938878e+01
  -1.7000000e+02  -4.5112511e+01  -4.5039781e+01  -4.3346573e+01  -5.1281583e+01  -4.9151967e+01  -4.5499093e+01  -4.6699546e+01  -5.0011437e+01  -5.3068790e+01  -5.2548588e+01  -4.7628228e+01  -4.1658639e+01
  -1.6900000e+02  -4.2677573e+01  -4.4468637e+01  -4.3683078e+01  -5.1850570e+01  -4.9509081e+01  -4.5887438e+01  -4.8774541e+01  -5.2168875e+01  -5.4721625e+01  -5.5210807e+01  -4.9238720e+01  -4.2391396e+01
  -1.6800000e+02  -4.1400600e+01  -4.4782767e+01  -4.4938832e+01  -5.4013869e+01  -5.0990723e+01  -4.7216939e+01  -5.2299686e+01  -5.4260871e+01  -5.4301681e+01  -5.0940453e+01  -4.6924629e+01  -4.2716444e+01
  -1.6700000e+02  -4.0828584e+01  -4.6198141e+01  -4.7083628e+01  -5.7706886e+01  -5.3285778e+01  -4.9382546e+01  -5.5039253e+01  -5.2951275e+01  -5.1604481e+01  -4.6552381e+01  -4.4279292e+01  -4.3228662e+01
  -1.6600000e+02  -4.0782099e+01  -4.8878529e+01  -5.0013052e+01  -5.9577772e+01  -5.4578334e+01  -5.1446373e+01  -5.1548682e+01  -4.9649691e+01  -4.8847435e+01  -4.2886759e+01  -4.2126919e+01  -4.2891980e+01
  -1.6500000e+02  -4.1236720e+01  -5.3560943e+01  -5.3352489e+01  -5.5997599e+01  -5.2801633e+01  -5.1031007e+01  -4.7421802e+01  -4.6774526e+01  -4.6577602e+01  -3.9690241e+01  -3.9911861e+01  -4.0682650e+01
  -1.6400000e+02  -4.2263001e+01  -6.6252271e+01  -5.6122495e+01  -5.2511945e+01  -4.9820494e+01  -4.8169030e+01  -4.5530615e+01  -4.5689147e+01  -4.5924808e+01  -3.6868471e+01  -3.7431597e+01  -3.8043664e+01
  -1.6300000e+02  -4.4037749e+01  -5.8389740e+01  -5.6941539e+01  -5.0118809e+01  -4.7089952e+01  -4.5210584e+01  -4.5182013e+01  -4.6048209e+01  -4.6699611e+01  -3.4686478e+01  -3.5113236e+01  -3.5747129e+01
  -1.6200000e+02  -4.6980774e+01  -5.1162043e+01  -5.6599345e+01  -4.8343122e+01  -4.5136276e+01  -4.3376621e+01  -4.5672291e+01  -4.7150455e+01  -4.8146269e+01  -3.3434142e+01  -3.3729134e+01  -3.4547251e+01
  -1.6100000e+02  -5.2231469e+01  -4.7956457e+01  -5.6588214e+01  -4.7071655e+01  -4.4104791e+01  -4.2779203e+01  -4.6502775e+01  -4.8329048e+01  -4.9402579e+01  -3.3349181e+01  -3.3515168e+01  -3.4631188e+01
  -1.6000000e+02  -5.9634022e+01  -4.6135878e+01  -5.5126500e+01  -4.6662086e+01  -4.3875680e+01  -4.2914101e+01  -4.7202492e+01  -4.9040116e+01  -4.9875231e+01  -3.4822502e+01  -3.4515596e+01  -3.5850058e+01
  -1.5900000e+02  -5.0993178e+01  -4.4581586e+01  -5.1843332e+01  -4.7733386e+01  -4.4889544e+01  -4.4191192e+01  -4.7445411e+01  -4.9065755e+01  -4.9502852e+01  -3.8602459e+01  -3.7314736e+01  -3.8578277e+01
  -1.5800000e+02  -4.5199471e+01  -4.2881562e+01  -4.8935373e+01  -5.0881202e+01  -4.7832510e+01  -4.7745326e+01  -4.7748788e+01  -4.9132706e+01  -4.9166958e+01  -4.5696045e+01  -4.4165895e+01  -4.0806262e+01
  -1.5700000e+02  -4.1301271e+01  -4.1255763e+01  -4.6723171e+01  -5.7120613e+01  -5.4015662e+01  -5.6196146e+01  -4.8920666e+01  -4.9961808e+01  -4.9428093e+01  -4.3970474e+01  -5.2521449e+01  -3.8865847e+01
  -1.5600000e+02  -3.8359386e+01  -3.9950323e+01  -4.4902394e+01  -5.8975571e+01  -6.0794268e+01  -5.7676459e+01  -4.9821352e+01  -4.9772912e+01  -4.8622202e+01  -4.0222202e+01  -4.5698241e+01  -3.8478624e+01
  -1.5500000e+02  -3.6132959e+01  -3.8995180e+01  -4.3410395e+01  -5.2252939e+01  -5.2534822e+01  -5.0457616e+01  -4.6915903e+01  -4.6266574e+01  -4.5376040e+01  -4.0266007e+01  -4.8816055e+01  -4.0737756e+01
  -1.5400000e+02  -3.4569898e+01  -3.8318278e+01  -4.2460587e+01  -4.9002880e+01  -4.9230728e+01  -4.8188838e+01  -4.2932242e+01  -4.2510018e+01  -4.2021393e+01  -4.4338668e+01  -5.5997238e+01  -4.3093219e+01
  -1.5300000e+02  -3.3599902e+01  -3.7843291e+01  -4.2222388e+01  -4.8632059e+01  -4.9076539e+01  -4.8211390e+01  -4.0093112e+01  -3.9974772e+01  -3.9781349e+01  -4.9907861e+01  -4.1131699e+01  -3.8850903e+01
  -1.5200000e+02  -3.3036225e+01  -3.7495869e+01  -4.2604690e+01  -5.2319472e+01  -5.2168144e+01  -4.9164320e+01  -3.8439278e+01  -3.8620839e+01  -3.8678335e+01  -4.0156058e+01  -3.5512438e+01  -3.4665565e+01
  -1.5100000e+02  -3.2679508e+01  -3.7188014e+01  -4.2943150e+01  -7.2401934e+01  -5.3883321e+01  -4.7889698e+01  -3.7768930e+01  -3.8236856e+01  -3.8531865e+01  -3.5388646e+01  -3.2563581e+01  -3.2551244e+01
  -1.5000000e+02  -3.2430006e+01  -3.6826285e+01  -4.2013326e+01  -4.8923290e+01  -4.7742223e+01  -4.5113921e+01  -3.7924168e+01  -3.8649139e+01  -3.9191938e+01  -3.3255836e+01  -3.1282305e+01  -3.2025699e+01
  -1.4900000e+02  -3.2265475e+01  -3.6343562e+01  -3.9928020e+01  -4.3505389e+01  -4.4126768e+01  -4.3458547e+01  -3.8773171e+01  -3.9665735e+01  -4.0463643e+01  -3.2961978e+01  -3.1275433e+01  -3.3017590e+01
  -1.4800000e+02  -3.2190115e+01  -3.5745218e+01  -3.7935168e+01  -4.1042041e+01  -4.2618190e+01  -4.3212480e+01  -4.0044026e+01  -4.0735619e+01  -4.1570174e+01  -3.4125381e+01  -3.2297424e+01  -3.5814068e+01
  -1.4700000e+02  -3.2210535e+01  -3.5138491e+01  -3.6648799e+01  -4.0079258e+01  -4.2351796e+01  -4.3827951e+01  -4.0923583e+01  -4.0686613e+01  -4.1032439e+01  -3.5932774e+01  -3.3959425e+01  -3.8126429e+01
  -1.4600000e+02  -3.2338047e+01  -3.4704400e+01  -3.6227476e+01  -4.0029907e+01  -4.2486826e+01  -4.3948769e+01  -4.0506154e+01  -3.9387662e+01  -3.9309837e+01  -3.5889532e+01  -3.4801955e+01  -3.5377204e+01
  -1.4500000e+02  -3.2600365e+01  -3.4637585e+01  -3.6765678e+01  -4.0392526e+01  -4.2006347e+01  -4.2479562e+01  -3.9436497e+01  -3.8123153e+01  -3.7968820e+01  -3.3743277e+01  -3.4082098e+01  -3.3117510e+01
  -1.4400000e+02  -3.3047458e+01  -3.5117402e+01  -3.8469898e+01  -4.0553170e+01  -4.0633694e+01  -4.0375354e+01  -3.8807637e+01  -3.7642912e+01  -3.7583392e+01  -3.2195682e+01  -3.3571995e+01  -3.2956478e+01
  -1.4300000e+02  -3.3747793e+01  -3.6333790e+01  -4.1870246e+01  -4.0121985e+01  -3.9068187e+01  -3.8636339e+01  -3.9045651e+01  -3.8160945e+01  -3.8288420e+01  -3.1951595e+01  -3.4319778e+01  -3.5048274e+01
  -1.4200000e+02  -3.4780922e+01  -3.8578083e+01  -4.8105894e+01  -3.9344181e+01  -3.7878978e+01  -3.7547877e+01  -4.0128753e+01  -3.9759159e+01  -4.0201659e+01  -3.3023806e+01  -3.6816619e+01  -4.0395377e+01
  -1.4100000e+02  -3.6232383e+01  -4.2469914e+01  -4.8318724e+01  -3.8711727e+01  -3.7291299e+01  -3.7202531e+01  -4.1142802e+01  -4.1960682e+01  -4.2849884e+01  -3.5507444e+01  -4.1179897e+01  -3.9250855e+01
  -1.4000000e+02  -3.8182878e+01  -4.8924001e+01  -4.2314580e+01  -3.8571534e+01  -3.7438694e+01  -3.7725403e+01  -3.9804896e+01  -4.1610768e+01  -4.2182018e+01  -3.6982176e+01  -3.7090806e+01  -3.1622610e+01
  -1.3900000e+02  -4.0628237e+01  -4.7423748e+01  -3.9104670e+01  -3.9180662e+01  -3.8516054e+01  -3.9351904e+01  -3.6704838e+01  -3.8163130e+01  -3.8265617e+01  -3.2818791e+01  -3.0755334e+01  -2.6987061e+01
  -1.3800000e+02  -4.3076029e+01  -4.1987874e+01  -3.7543758e+01  -4.0876853e+01  -4.0928982e+01  -4.2597690e+01  -3.3913070e+01  -3.5057760e+01  -3.5098112e+01  -2.8442331e+01  -2.6656090e+01  -2.4011964e+01
  -1.3700000e+02  -4.3928888e+01  -3.9039232e+01  -3.7124502e+01  -4.4370133e+01  -4.5878749e+01  -4.8798012e+01  -3.1915632e+01  -3.2966711e+01  -3.3068648e+01  -2.5310070e+01  -2.3923439e+01  -2.2092654e+01
  -1.3600000e+02  -4.2706989e+01  -3.7526602e+01  -3.7724598e+01  -5.1334164e+01  -6.3556177e+01  -5.1390627e+01  -3.0659928e+01  -3.1751528e+01  -3.1959281e+01  -2.3104048e+01  -2.2088605e+01  -2.0937062e+01
  -1.3500000e+02  -4.1113142e+01  -3.6930748e+01  -3.9463909e+01  -4.9156463e+01  -4.8045167e+01  -4.4406106e+01  -3.0038641e+01  -3.1264529e+01  -3.1612743e+01  -2.1600407e+01  -2.0927095e+01  -2.0412502e+01
  -1.3400000e+02  -4.0029540e+01  -3.6968713e+01  -4.2737562e+01  -4.2509825e+01  -4.1788929e+01  -4.0656748e+01  -2.9968812e+01  -3.1417779e+01  -3.1952171e+01  -2.0665482e+01  -2.0313920e+01  -2.0483919e+01
  -1.3300000e+02  -3.9606000e+01  -3.7393829e+01  -4.7489258e+01  -3.8850998e+01  -3.8694587e+01  -3.8648894e+01  -3.0405299e+01  -3.2184161e+01  -3.2975257e+01  -2.0197370e+01  -2.0166661e+01  -2.1154109e+01
  -1.3200000e+02  -3.9865044e+01  -3.7883892e+01  -4.6056244e+01  -3.6654788e+01  -3.6980941e+01  -3.7719836e+01  -3.1352622e+01  -3.3614805e+01  -3.4784585e+01  -2.0120668e+01  -2.0432166e+01  -2.2425547e+01
  -1.3100000e+02  -4.0885609e+01  -3.8048169e+01  -4.1257442e+01  -3.5357231e+01  -3.6153578e+01  -3.7648643e+01  -3.2890385e+01  -3.5904079e+01  -3.7709774e+01  -2.0392931e+01  -2.1073373e+01  -2.4295626e+01
  -1.3000000e+02  -4.2914288e+01  -3.7663822e+01  -3.8129584e+01  -3.4726572e+01  -3.6029923e+01  -3.8410419e+01  -3.5233936e+01  -3.9606688e+01  -4.2809153e+01  -2.1001217e+01  -2.2054011e+01  -2.6805462e+01
  -1.2900000e+02  -4.6673654e+01  -3.6868072e+01  -3.6193139e+01  -3.4658574e+01  -3.6547336e+01  -4.0149225e+01  -3.8930973e+01  -4.6740276e+01  -5.5051428e+01  -2.1943247e+01  -2.3339350e+01  -3.0168184e+01
  -1.2800000e+02  -5.4965833e+01  -3.5956179e+01  -3.5037417e+01  -3.5105768e+01  -3.7708240e+01  -4.3344985e+01  -4.5939930e+01  -5.3259872e+01  -4.5709962e+01  -2.3204906e+01  -2.4906080e+01  -3.5014606e+01
  -1.2700000e+02  -5.2963591e+01  -3.5138867e+01  -3.4446389e+01  -3.6048568e+01  -3.9561009e+01  -4.9848355e+01  -5.9238700e+01  -4.2564180e+01  -3.9523157e+01  -2.4755335e+01  -2.6734217e+01  -4.2633866e+01
  -1.2600000e+02  -4.4867826e+01  -3.4513794e+01  -3.4299423e+01  -3.7478897e+01  -4.2134678e+01  -6.4054430e+01  -4.3487194e+01  -3.8161491e+01  -3.6360869e+01  -2.6557886e+01  -2.8765018e+01  -4.4111743e+01
  -1.2500000e+02  -4.0613429e+01  -3.4117498e+01  -3.4525542e+01  -3.9369201e+01  -4.4941074e+01  -4.7034985e+01  -3.8813106e+01  -3.5757857e+01  -3.4551532e+01  -2.8574059e+01  -3.0843007e+01  -3.9925873e+01
  -1.2400000e+02  -3.7849190e+01  -3.3964347e+01  -3.5088903e+01  -4.1554357e+01  -4.5615357e+01  -4.1915299e+01  -3.6390959e+01  -3.4434375e+01  -3.3620722e+01  -3.0749507e+01  -3.2735075e+01  -3.8889246e+01
  -1.2300000e+02  -3.5904559e+01  -3.4065600e+01  -3.5991467e+01  -4.3381650e+01  -4.3377150e+01  -3.9018075e+01  -3.5093917e+01  -3.3878878e+01  -3.3392148e+01  -3.2984641e+01  -3.4306675e+01  -4.0059323e+01
  -1.2200000e+02  -3.4502923e+01  -3.4438767e+01  -3.7279830e+01  -4.3644685e+01  -4.0801184e+01  -3.7130485e+01  -3.4556934e+01  -3.3966177e+01  -3.3791891e+01  -3.5117710e+01  -3.5591983e+01  -4.3478242e+01
  -1.2100000e+02  -3.3505232e+01  -3.5114378e+01  -3.9041789e+01  -4.2294051e+01  -3.8742147e+01  -3.5828585e+01  -3.4624551e+01  -3.4636981e+01  -3.4762830e+01  -3.6979285e+01  -3.6475849e+01  -5.0841275e+01
  -1.2000000e+02  -3.2833886e+01  -3.6144700e+01  -4.1348262e+01  -4.0498434e+01  -3.7185807e+01  -3.4924148e+01  -3.5168903e+01  -3.5756179e+01  -3.6057436e+01  -3.8443574e+01  -3.6483564e+01  -4.9046614e+01
  -1.1900000e+02  -3.2443601e+01  -3.7619719e+01  -4.3859890e+01  -3.8907696e+01  -3.6041895e+01  -3.4332325e+01  -3.5871788e+01  -3.6710822e+01  -3.6681361e+01  -3.9273305e+01  -3.5454340e+01  -4.1923741e+01
  -1.1800000e+02  -3.2308233e+01  -3.9701106e+01  -4.4650089e+01  -3.7675556e+01  -3.5249764e+01  -3.4018792e+01  -3.5945889e+01  -3.6154502e+01  -3.5322950e+01  -3.9129804e+01  -3.3965619e+01  -3.8126193e+01
  -1.1700000e+02  -3.2414024e+01  -4.2696956e+01  -4.2542198e+01  -3.6809880e+01  -3.4773969e+01  -3.3971580e+01  -3.4652381e+01  -3.3915369e+01  -3.2724692e+01  -3.8140082e+01  -3.2557093e+01  -3.5897360e+01
  -1.1600000e+02  -3.2755720e+01  -4.7121157e+01  -3.9819936e+01  -3.6292080e+01  -3.4592049e+01  -3.4179897e+01  -3.2456192e+01  -3.1302088e+01  -3.0156586e+01  -3.6845428e+01  -3.1411707e+01  -3.4635188e+01
  -1.1500000e+02  -3.3333743e+01  -5.0966727e+01  -3.7575410e+01  -3.6103899e+01  -3.4681058e+01  -3.4605662e+01  -3.0187079e+01  -2.8993422e+01  -2.7992562e+01  -3.5625903e+01  -3.0539997e+01  -3.4071249e+01
  -1.1400000e+02  -3.4150635e+01  -4.6900799e+01  -3.5868084e+01  -3.6227010e+01  -3.4996394e+01  -3.5133512e+01  -2.8191717e+01  -2.7090753e+01  -2.6233401e+01  -3.4625821e+01  -2.9922309e+01  -3.4072117e+01
  -1.1300000e+02  -3.5203291e+01  -4.2624797e+01  -3.4601969e+01  -3.6627759e+01  -3.5435397e+01  -3.5505565e+01  -2.6523317e+01  -2.5546216e+01  -2.4811834e+01  -3.3877267e+01  -2.9551529e+01  -3.4590249e+01
  -1.1200000e+02  -3.6462591e+01  -3.9730400e+01  -3.3691240e+01  -3.7220823e+01  -3.5790089e+01  -3.5351834e+01  -2.5149205e+01  -2.4294402e+01  -2.3662429e+01  -3.3355434e+01  -2.9426396e+01  -3.5646244e+01
  -1.1100000e+02  -3.7822588e+01  -3.7696963e+01  -3.3073559e+01  -3.7802323e+01  -3.5755384e+01  -3.4478549e+01  -2.4021999e+01  -2.3278706e+01  -2.2732192e+01  -3.2990739e+01  -2.9531688e+01  -3.7316434e+01
  -1.1000000e+02  -3.9007632e+01  -3.6217668e+01  -3.2704181e+01  -3.8003860e+01  -3.5113033e+01  -3.3089319e+01  -2.3097971e+01  -2.2453891e+01  -2.1979536e+01  -3.2681720e+01  -2.9824766e+01  -3.9721693e+01
  -1.0900000e+02  -3.9553535e+01  -3.5125906e+01  -3.2549935e+01  -3.7473481e+01  -3.3946578e+01  -3.1533833e+01  -2.2340437e+01  -2.1784190e+01  -2.1371677e+01  -3.2326890e+01  -3.0234787e+01  -4.2962273e+01
  -1.0800000e+02  -3.9164274e+01  -3.4322994e+01  -3.2584779e+01  -3.6247268e+01  -3.2535168e+01  -3.0039864e+01  -2.1719325e+01  -2.1241063e+01  -2.0882368e+01  -3.1869010e+01  -3.0675305e+01  -4.6508707e+01
  -1.0700000e+02  -3.8088787e+01  -3.3745135e+01  -3.2786352e+01  -3.4687219e+01  -3.1112469e+01  -2.8699043e+01  -2.1209979e+01  -2.0801372e+01  -2.0490198e+01  -3.1318730e+01  -3.1068492e+01  -4.7484445e+01
  -1.0600000e+02  -3.6781358e+01  -3.3347711e+01  -3.3132729e+01  -3.3105784e+01  -2.9796250e+01  -2.7530840e+01  -2.0791990e+01  -2.0446013e+01  -2.0177351e+01  -3.0735163e+01  -3.1370839e+01  -4.5551843e+01
  -1.0500000e+02  -3.5517613e+01  -3.3097191e+01  -3.3598720e+01  -3.1649647e+01  -2.8626090e+01  -2.6525716e+01  -2.0448240e+01  -2.0158924e+01  -1.9928718e+01  -3.0185767e+01  -3.1582684e+01  -4.3699973e+01
  -1.0400000e+02  -3.4396787e+01  -3.2966620e+01  -3.4151176e+01  -3.0361549e+01  -2.7604400e+01  -2.5664781e+01  -2.0164172e+01  -1.9926364e+01  -1.9731244e+01  -2.9719267e+01  -3.1734648e+01  -4.2579979e+01
  -1.0300000e+02  -3.3435857e+01  -3.2932966e+01  -3.4743484e+01  -2.9240085e+01  -2.6718918e+01  -2.4927577e+01  -1.9927253e+01  -1.9736401e+01  -1.9573483e+01  -2.9359196e+01  -3.1864319e+01  -4.2068620e+01
  -1.0200000e+02  -3.2622975e+01  -3.2975510e+01  -3.5311218e+01  -2.8268771e+01  -2.5952833e+01  -2.4294869e+01  -1.9726579e+01  -1.9578561e+01  -1.9445282e+01  -2.9108514e+01  -3.1999742e+01  -4.1998759e+01
  -1.0100000e+02  -3.1938713e+01  -3.3074893e+01  -3.5774348e+01  -2.7427641e+01  -2.5288943e+01  -2.3749469e+01  -1.9552610e+01  -1.9443593e+01  -1.9337601e+01  -2.8956661e+01  -3.2154279e+01  -4.2225501e+01
  -1.0000000e+02  -3.1363423e+01  -3.3212676e+01  -3.6053239e+01  -2.6697466e+01  -2.4711257e+01  -2.3276336e+01  -1.9396999e+01  -1.9323342e+01  -1.9242406e+01  -2.8885507e+01  -3.2328632e+01  -4.2610222e+01
  -9.9000000e+01  -3.0879469e+01  -3.3371310e+01  -3.6097840e+01  -2.6061110e+01  -2.4205531e+01  -2.2862452e+01  -1.9252490e+01  -1.9210681e+01  -1.9152640e+01  -2.8873586e+01  -3.2515208e+01  -4.3006861e+01
  -9.8000000e+01  -3.0471673e+01  -3.3534491e+01  -3.5911363e+01  -2.5503846e+01  -2.3759399e+01  -2.2496661e+01  -1.9112876e+01  -1.9099496e+01  -1.9062220e+01  -2.8898898e+01  -3.2702242e+01  -4.3270897e+01
  -9.7000000e+01  -3.0127199e+01  -3.3687796e+01  -3.5546291e+01  -2.5013302e+01  -2.3362386e+01  -2.2169534e+01  -1.8972982e+01  -1.8984679e+01  -1.8966043e+01  -2.8940681e+01  -3.2876841e+01  -4.3298397e+01
  -9.6000000e+01  -2.9835301e+01  -3.3819428e+01  -3.5076678e+01  -2.4579312e+01  -2.3005877e+01  -2.1873254e+01  -1.8828644e+01  -1.8862114e+01  -1.8859977e+01  -2.8980497e+01  -3.3026885e+01  -4.3068350e+01
  -9.5000000e+01  -2.9587076e+01  -3.3920843e+01  -3.4571079e+01  -2.4193730e+01  -2.2683049e+01  -2.1601510e+01  -1.8676681e+01  -1.8728644e+01  -1.8740827e+01  -2.9002849e+01  -3.3141959e+01  -4.2640823e+01
  -9.4000000e+01  -2.9375276e+01  -3.3987017e+01  -3.4080278e+01  -2.3850248e+01  -2.2388725e+01  -2.1349377e+01  -1.8514827e+01  -1.8582004e+01  -1.8606272e+01  -2.8995470e+01  -3.3213565e+01  -4.2110591e+01
  -9.3000000e+01  -2.9194164e+01  -3.4016197e+01  -3.3637125e+01  -2.3544202e+01  -2.2119180e+01  -2.1113189e+01  -1.8341653e+01  -1.8420736e+01  -1.8454787e+01  -2.8949402e+01  -3.3234904e+01  -4.1562818e+01
  -9.2000000e+01  -2.9039429e+01  -3.4009169e+01  -3.3261109e+01  -2.3272395e+01  -2.1871932e+01  -2.0890422e+01  -1.8156463e+01  -1.8244100e+01  -1.8285560e+01  -2.8858911e+01  -3.3200511e+01  -4.1056445e+01
  -9.1000000e+01  -2.8908128e+01  -3.3968212e+01  -3.2963150e+01  -2.3032942e+01  -2.1645588e+01  -2.0679600e+01  -1.7959212e+01  -1.8051997e+01  -1.8098427e+01  -2.8721299e+01  -3.3105972e+01  -4.0626939e+01
  -9.0000000e+01  -2.8798669e+01  -3.3896007e+01  -3.2749104e+01  -2.2825146e+01  -2.1439741e+01  -2.0480227e+01  -1.7750429e+01  -1.7844906e+01  -1.7893811e+01  -2.8536666e+01  -3.2947871e+01  -4.0294468e+01
  -8.9000000e+01  -2.8710810e+01  -3.3794752e+01  -3.2621903e+01  -2.2649420e+01  -2.1254924e+01  -2.0292744e+01  -1.7531179e+01  -1.7623847e+01  -1.7672696e+01  -2.8307634e+01  -3.2724025e+01  -4.0070906e+01
  -8.8000000e+01  -2.8645685e+01  -3.3665652e+01  -3.2582556e+01  -2.2507231e+01  -2.1092592e+01  -2.0118500e+01  -1.7303037e+01  -1.7390366e+01  -1.7436600e+01  -2.8039085e+01  -3.2433947e+01  -3.9964355e+01
  -8.7000000e+01  -2.8605853e+01  -3.3508892e+01  -3.2630228e+01  -2.2401088e+01  -2.0955126e+01  -1.9959747e+01  -1.7068087e+01  -1.7146525e+01  -1.7187579e+01  -2.7737914e+01  -3.2079440e+01  -3.9981665e+01
  -8.6000000e+01  -2.8595375e+01  -3.3324053e+01  -3.2761404e+01  -2.2334535e+01  -2.0845839e+01  -1.9819637e+01  -1.6828930e+01  -1.6894915e+01  -1.6928224e+01  -2.7412821e+01  -3.1665124e+01  -4.0129565e+01
  -8.5000000e+01  -2.8619931e+01  -3.3110915e+01  -3.2967986e+01  -2.2312175e+01  -2.0769001e+01  -1.9702234e+01  -1.6588705e+01  -1.6638666e+01  -1.6661673e+01  -2.7074135e+01  -3.1198760e+01  -4.0414767e+01
  -8.4000000e+01  -2.8686996e+01  -3.2870464e+01  -3.3234102e+01  -2.2339695e+01  -2.0729857e+01  -1.9612539e+01  -1.6351101e+01  -1.6381460e+01  -1.6391616e+01  -2.6733672e+01  -3.0691244e+01  -4.0843052e+01
  -8.3000000e+01  -2.8806097e+01  -3.2605872e+01  -3.3531644e+01  -2.2423893e+01  -2.0734654e+01  -1.9556523e+01  -1.6120384e+01  -1.6127547e+01  -1.6122309e+01  -2.6404603e+01  -3.0156254e+01  -4.1416800e+01
  -8.2000000e+01  -2.8989210e+01  -3.2323224e+01  -3.3815732e+01  -2.2572703e+01  -2.0790655e+01  -1.9541159e+01  -1.5901401e+01  -1.5881751e+01  -1.5858574e+01  -2.6101313e+01  -2.9609559e+01  -4.2129480e+01
  -8.1000000e+01  -2.9251371e+01  -3.2031808e+01  -3.4023921e+01  -2.2795164e+01  -2.0906139e+01  -1.9574465e+01  -1.5699593e+01  -1.5649475e+01  -1.5605799e+01  -2.5839229e+01  -2.9068088e+01  -4.2953456e+01
  -8.0000000e+01  -2.9611633e+01  -3.1743948e+01  -3.4085952e+01  -2.3101323e+01  -2.1090355e+01  -1.9665535e+01  -1.5520992e+01  -1.5436700e+01  -1.5369935e+01  -2.5634571e+01  -2.8548744e+01  -4.3813266e+01
  -7.9000000e+01  -3.0094619e+01  -3.1474466e+01  -3.3947954e+01  -2.3501936e+01  -2.1353394e+01  -1.9824544e+01  -1.5372210e+01  -1.5249974e+01  -1.5157477e+01  -2.5503954e+01  -2.8066962e+01  -4.4534753e+01
  -7.8000000e+01  -3.0733151e+01  -3.1239981e+01  -3.3600411e+01  -2.4007792e+01  -2.1705885e+01  -2.0062723e+01  -1.5260429e+01  -1.5096398e+01  -1.4975456e+01  -2.5463771e+01  -2.7634919e+01  -4.4795574e+01
  -7.7000000e+01  -3.1572901e+01  -3.1058236e+01  -3.3086743e+01  -2.4628278e+01  -2.2158367e+01  -2.0392221e+01  -1.5193382e+01  -1.4983612e+01  -1.4831412e+01  -2.5529187e+01  -2.7259330e+01  -4.4229085e+01
  -7.6000000e+01  -3.2681208e+01  -3.0947579e+01  -3.2483943e+01  -2.5368419e+01  -2.2720009e+01  -2.0825783e+01  -1.5179349e+01  -1.4919784e+01  -1.4733384e+01  -2.5712596e+01  -2.6939078e+01  -4.2768580e+01
  -7.5000000e+01  -3.4165336e+01  -3.0926662e+01  -3.1873513e+01  -2.6223060e+01  -2.3396109e+01  -2.1376003e+01  -1.5227189e+01  -1.4913629e+01  -1.4689913e+01  -2.6021411e+01  -2.6663464e+01  -4.0746219e+01
  -7.4000000e+01  -3.6214919e+01  -3.1014321e+01  -3.1322769e+01  -2.7166174e+01  -2.4183306e+01  -2.2053712e+01  -1.5346442e+01  -1.4974483e+01  -1.4710096e+01  -2.6455383e+01  -2.6412934e+01  -3.8556402e+01
  -7.3000000e+01  -3.9217352e+01  -3.1229650e+01  -3.0879797e+01  -2.8134104e+01  -2.5060902e+01  -2.2864523e+01  -1.5547583e+01  -1.5112498e+01  -1.4803734e+01  -2.7004530e+01  -2.6164787e+01  -3.6440182e+01
  -7.2000000e+01  -4.4114718e+01  -3.1592263e+01  -3.0575524e+01  -2.9009053e+01  -2.5976963e+01  -2.3801553e+01  -1.5842547e+01  -1.5339062e+01  -1.4981670e+01  -2.7650580e+01  -2.5905298e+01  -3.4502428e+01
  -7.1000000e+01  -5.0566893e+01  -3.2122880e+01  -3.0427067e+01  -2.9629487e+01  -2.6832374e+01  -2.4830737e+01  -1.6245695e+01  -1.5667607e+01  -1.5256461e+01  -2.8377302e+01  -2.5644824e+01  -3.2782180e+01
  -7.0000000e+01  -4.3978664e+01  -3.2844336e+01  -3.0439922e+01  -2.9862891e+01  -2.7480549e+01  -2.5864991e+01  -1.6775462e+01  -1.6115017e+01  -1.5643581e+01  -2.9194657e+01  -2.5425338e+01  -3.1302742e+01
  -6.9000000e+01  -3.8573678e+01  -3.3782527e+01  -3.0609127e+01  -2.9703576e+01  -2.7775552e+01  -2.6735062e+01  -1.7456910e+01  -1.6703916e+01  -1.6163392e+01  -3.0169613e+01  -2.5310545e+01  -3.0088599e+01
  -6.8000000e+01  -3.5130681e+01  -3.4963437e+01  -3.0921112e+01  -2.9276514e+01  -2.7663744e+01  -2.7206804e+01  -1.8325356e+01  -1.7466093e+01  -1.6844145e+01  -3.1441428e+01  -2.5364953e+01  -2.9161967e+01
  -6.7000000e+01  -3.2677618e+01  -3.6387538e+01  -3.1358561e+01  -2.8744130e+01  -2.7226466e+01  -2.7116232e+01  -1.9431004e+01  -1.8447333e+01  -1.7726206e+01  -3.3222212e+01  -2.5640112e+01  -2.8541477e+01
  -6.6000000e+01  -3.0820947e+01  -3.7909110e+01  -3.1907612e+01  -2.8235796e+01  -2.6619955e+01  -2.6525215e+01  -2.0843804e+01  -1.9714083e+01  -1.8867935e+01  -3.5836199e+01  -2.6175823e+01  -2.8249988e+01
  -6.5000000e+01  -2.9375041e+01  -3.8884209e+01  -3.2555337e+01  -2.7841742e+01  -2.5995904e+01  -2.5670389e+01  -2.2653877e+01  -2.1362275e+01  -2.0353984e+01  -3.9906846e+01  -2.7008313e+01  -2.8324731e+01
  -6.4000000e+01  -2.8243276e+01  -3.8191236e+01  -3.3244231e+01  -2.7635119e+01  -2.5473274e+01  -2.4791396e+01  -2.4939665e+01  -2.3523674e+01  -2.2305710e+01  -4.6701135e+01  -2.8169682e+01  -2.8827446e+01
  -6.3000000e+01  -2.7375863e+01  -3.5945305e+01  -3.3741540e+01  -2.7693196e+01  -2.5147141e+01  -2.4054539e+01  -2.7552759e+01  -2.6318315e+01  -2.4875385e+01  -4.7127347e+01  -2.9651341e+01  -2.9865356e+01
  -6.2000000e+01  -2.6752898e+01  -3.3324698e+01  -3.3529694e+01  -2.8111358e+01  -2.5106004e+01  -2.3567492e+01  -2.9336043e+01  -2.9371423e+01  -2.8048916e+01  -4.1106350e+01  -3.1272680e+01  -3.1652738e+01
  -6.1000000e+01  -2.6377132e+01  -3.0941898e+01  -3.2220776e+01  -2.9010694e+01  -2.5449190e+01  -2.3412594e+01  -2.8634691e+01  -3.0266804e+01  -3.0353867e+01  -3.7704028e+01  -3.2452551e+01  -3.4687542e+01
  -6.0000000e+01  -2.6271405e+01  -2.8937457e+01  -3.0167809e+01  -3.0517138e+01  -2.6309270e+01  -2.3675084e+01  -2.6687004e+01  -2.8109352e+01  -2.9058906e+01  -3.5393793e+01  -3.2471393e+01  -3.9963822e+01
  -5.9000000e+01  -2.6479855e+01  -2.7315138e+01  -2.7991826e+01  -3.2523735e+01  -2.7890298e+01  -2.4472541e+01  -2.5030259e+01  -2.5748002e+01  -2.6451294e+01  -3.3038391e+01  -3.1474017e+01  -4.0405691e+01
  -5.8000000e+01  -2.7074806e+01  -2.6053802e+01  -2.6038972e+01  -3.3545551e+01  -3.0518953e+01  -2.6007585e+01  -2.4013039e+01  -2.4111154e+01  -2.4454757e+01  -3.0015743e+01  -3.0079652e+01  -3.3936859e+01
  -5.7000000e+01  -2.8175650e+01  -2.5133665e+01  -2.4427495e+01  -3.1439347e+01  -3.4265712e+01  -2.8715701e+01  -2.3652559e+01  -2.3192030e+01  -2.3222047e+01  -2.6535667e+01  -2.8414160e+01  -3.0172658e+01
  -5.6000000e+01  -2.9999428e+01  -2.4540212e+01  -2.3185456e+01  -2.8196356e+01  -3.4681320e+01  -3.3921346e+01  -2.3962371e+01  -2.2916293e+01  -2.2658520e+01  -2.3045937e+01  -2.6156308e+01  -2.8565798e+01
  -5.5000000e+01  -3.3020949e+01  -2.4261431e+01  -2.2316023e+01  -2.5461312e+01  -3.0203888e+01  -5.3967434e+01  -2.5035244e+01  -2.3268739e+01  -2.2713486e+01  -1.9774637e+01  -2.3155392e+01  -2.9248428e+01
  -5.4000000e+01  -3.8731628e+01  -2.4280608e+01  -2.1821118e+01  -2.3406190e+01  -2.6523823e+01  -3.4719698e+01  -2.7091392e+01  -2.4313216e+01  -2.3413317e+01  -1.6799619e+01  -1.9807570e+01  -3.4645565e+01
  -5.3000000e+01  -6.6878799e+01  -2.4562491e+01  -2.1710920e+01  -2.1937730e+01  -2.4001744e+01  -2.8493618e+01  -3.0258910e+01  -2.6177736e+01  -2.4867461e+01  -1.4151686e+01  -1.6603428e+01  -3.6773417e+01
  -5.2000000e+01  -3.8640327e+01  -2.5029468e+01  -2.2010979e+01  -2.0970693e+01  -2.2311501e+01  -2.5174956e+01  -3.1406274e+01  -2.8676178e+01  -2.7159276e+01  -1.1847394e+01  -1.3786529e+01  -2.4047298e+01
  -5.1000000e+01  -3.2955701e+01  -2.5532425e+01  -2.2772813e+01  -2.0458245e+01  -2.1265428e+01  -2.3161305e+01  -2.7116038e+01  -2.9246274e+01  -2.9244640e+01  -9.8947371e+00  -1.1411709e+01  -1.7977853e+01
  -5.0000000e+01  -3.0005886e+01  -2.5854797e+01  -2.4093601e+01  -2.0393920e+01  -2.0786786e+01  -2.2004340e+01  -2.2981346e+01  -2.6026117e+01  -2.7628251e+01  -8.2941184e+00  -9.4568526e+00  -1.3912626e+01
  -4.9000000e+01  -2.8355624e+01  -2.5819995e+01  -2.6153603e+01  -2.0815410e+01  -2.0880893e+01  -2.1564077e+01  -2.0034941e+01  -2.2589883e+01  -2.4051983e+01  -7.0417180e+00  -7.8864794e+00  -1.0916734e+01
  -4.8000000e+01  -2.7588698e+01  -2.5452174e+01  -2.9269207e+01  -2.1815793e+01  -2.1634861e+01  -2.1849092e+01  -1.8005222e+01  -2.0069640e+01  -2.1164699e+01  -6.1382303e+00  -6.6821783e+00  -8.6511309e+00
  -4.7000000e+01  -2.7568323e+01  -2.4975169e+01  -3.3585770e+01  -2.3571943e+01  -2.3258070e+01  -2.2997148e+01  -1.6695274e+01  -1.8393788e+01  -1.9195748e+01  -5.5996727e+00  -5.8523048e+00  -6.9790346e+00
  -4.6000000e+01  -2.8292042e+01  -2.4662508e+01  -3.5078608e+01  -2.6414490e+01  -2.6244336e+01  -2.5360728e+01  -1.6000630e+01  -1.7435459e+01  -1.8012879e+01  -5.4637593e+00  -5.4278762e+00  -5.8487653e+00
  -4.5000000e+01  -2.9849211e+01  -2.4754049e+01  -3.1519336e+01  -3.0900641e+01  -3.2189423e+01  -2.9872119e+01  -1.5877547e+01  -1.7130873e+01  -1.7529365e+01  -5.7922413e+00  -5.4560096e+00  -5.2477532e+00
  -4.4000000e+01  -3.2290769e+01  -2.5481330e+01  -2.8847490e+01  -3.5250302e+01  -4.6944150e+01  -3.7514310e+01  -1.6333491e+01  -1.7485285e+01  -1.7736730e+01  -6.6794279e+00  -6.0043184e+00  -5.1939113e+00
  -4.3000000e+01  -3.4581911e+01  -2.7145031e+01  -2.7727578e+01  -3.1778942e+01  -3.1215221e+01  -3.1212347e+01  -1.7434006e+01  -1.8587442e+01  -1.8720998e+01  -8.2829980e+00  -7.1848356e+00  -5.7506452e+00
  -4.2000000e+01  -3.3420113e+01  -3.0161363e+01  -2.8094874e+01  -2.8274449e+01  -2.6225796e+01  -2.5941967e+01  -1.9319043e+01  -2.0648112e+01  -2.0711012e+01  -1.0905342e+01  -9.2053095e+00  -7.0552502e+00
  -4.1000000e+01  -3.0319746e+01  -3.3540897e+01  -3.0371344e+01  -2.6504140e+01  -2.3863041e+01  -2.3221914e+01  -2.2191739e+01  -2.4025680e+01  -2.4171843e+01  -1.5224057e+01  -1.2498563e+01  -9.3787373e+00
  -4.0000000e+01  -2.7838656e+01  -3.0730436e+01  -3.6840911e+01  -2.5932704e+01  -2.2906054e+01  -2.1944439e+01  -2.5876099e+01  -2.8171644e+01  -2.9033461e+01  -2.2718584e+01  -1.8274123e+01  -1.3343719e+01
  -3.9000000e+01  -2.6203741e+01  -2.6342656e+01  -4.2376081e+01  -2.6119692e+01  -2.3028547e+01  -2.1777004e+01  -2.7416348e+01  -2.7072458e+01  -2.7807801e+01  -2.2543089e+01  -3.5437469e+01  -2.1174011e+01
  -3.8000000e+01  -2.5182915e+01  -2.3480366e+01  -3.0088658e+01  -2.6379588e+01  -2.4173242e+01  -2.2710173e+01  -2.5356275e+01  -2.3492116e+01  -2.3556326e+01  -1.7245426e+01  -2.3165496e+01  -2.8813370e+01
  -3.7000000e+01  -2.4432390e+01  -2.1889500e+01  -2.5270319e+01  -2.5752110e+01  -2.6289840e+01  -2.5005245e+01  -2.3625155e+01  -2.1421468e+01  -2.1199014e+01  -1.5150150e+01  -1.8323109e+01  -1.8542910e+01
  -3.6000000e+01  -2.3489633e+01  -2.1384658e+01  -2.2729306e+01  -2.4206777e+01  -2.8467336e+01  -2.9283627e+01  -2.3058558e+01  -2.0737530e+01  -2.0378862e+01  -1.5060192e+01  -1.7304412e+01  -1.5920544e+01
  -3.5000000e+01  -2.1995419e+01  -2.2018278e+01  -2.1626867e+01  -2.2692729e+01  -2.8111599e+01  -3.3491826e+01  -2.3049184e+01  -2.1064806e+01  -2.0747932e+01  -1.6700991e+01  -1.8407448e+01  -1.6413112e+01
  -3.4000000e+01  -2.0042701e+01  -2.4183488e+01  -2.1829717e+01  -2.1892475e+01  -2.6138246e+01  -2.9133152e+01  -2.2227847e+01  -2.1658821e+01  -2.1813374e+01  -1.9484064e+01  -1.9825647e+01  -2.0323645e+01
  -3.3000000e+01  -1.8014289e+01  -2.9114638e+01  -2.3569787e+01  -2.2194303e+01  -2.5047886e+01  -2.5633721e+01  -2.0061210e+01  -2.1102342e+01  -2.2103808e+01  -1.9010710e+01  -1.7504581e+01  -2.9712678e+01
  -3.2000000e+01  -1.6208366e+01  -3.2669157e+01  -2.6955882e+01  -2.4175343e+01  -2.5719429e+01  -2.4401904e+01  -1.7725285e+01  -1.9213117e+01  -2.0430627e+01  -1.5579899e+01  -1.3978927e+01  -1.9411095e+01
  -3.1000000e+01  -1.4764058e+01  -2.4410281e+01  -2.6033536e+01  -2.9707067e+01  -2.9546345e+01  -2.5243840e+01  -1.6051276e+01  -1.7355372e+01  -1.8294055e+01  -1.3291979e+01  -1.1659546e+01  -1.4157835e+01
  -3.0000000e+01  -1.3732743e+01  -1.9507164e+01  -2.0382513e+01  -3.2928070e+01  -4.8067010e+01  -2.8598683e+01  -1.5293261e+01  -1.6308799e+01  -1.6940026e+01  -1.2474750e+01  -1.0602008e+01  -1.1868513e+01
  -2.9000000e+01  -1.3135811e+01  -1.6526601e+01  -1.6225242e+01  -2.2678910e+01  -2.6510018e+01  -2.9400383e+01  -1.5613322e+01  -1.6369256e+01  -1.6742664e+01  -1.2987431e+01  -1.0650708e+01  -1.1358210e+01
  -2.8000000e+01  -1.2993856e+01  -1.4680628e+01  -1.3428391e+01  -1.7525378e+01  -1.9824284e+01  -2.2645626e+01  -1.7378035e+01  -1.7919345e+01  -1.8046899e+01  -1.4829334e+01  -1.1717866e+01  -1.2290958e+01
  -2.7000000e+01  -1.3341818e+01  -1.3670196e+01  -1.1592321e+01  -1.4412705e+01  -1.6009700e+01  -1.7895414e+01  -2.1787068e+01  -2.2175507e+01  -2.1939970e+01  -1.7965733e+01  -1.3743024e+01  -1.4459337e+01
  -2.6000000e+01  -1.4240480e+01  -1.3383238e+01  -1.0512477e+01  -1.2505913e+01  -1.3640659e+01  -1.4884026e+01  -3.5912413e+01  -3.8962518e+01  -3.6394717e+01  -2.1254033e+01  -1.6515229e+01  -1.6924480e+01
  -2.5000000e+01  -1.5792912e+01  -1.3809889e+01  -1.0093711e+01  -1.1513540e+01  -1.2291446e+01  -1.3052157e+01  -2.2286316e+01  -2.2459993e+01  -2.3182829e+01  -2.2179239e+01  -1.9188197e+01  -1.7310921e+01
  -2.4000000e+01  -1.8181509e+01  -1.5029687e+01  -1.0307068e+01  -1.1340748e+01  -1.1818737e+01  -1.2169067e+01  -1.6064218e+01  -1.5986011e+01  -1.6287761e+01  -2.2345941e+01  -1.9964577e+01  -1.6165357e+01
  -2.3000000e+01  -2.1772533e+01  -1.7251040e+01  -1.1178117e+01  -1.2009471e+01  -1.2221332e+01  -1.2174935e+01  -1.2957048e+01  -1.2708589e+01  -1.2830207e+01  -2.2402247e+01  -1.8114951e+01  -1.5425727e+01
  -2.2000000e+01  -2.7474484e+01  -2.0942525e+01  -1.2796134e+01  -1.3663918e+01  -1.3630205e+01  -1.3136380e+01  -1.1403004e+01  -1.0989021e+01  -1.0988803e+01  -1.9154114e+01  -1.5230398e+01  -1.4970986e+01
  -2.1000000e+01  -3.6736893e+01  -2.6886254e+01  -1.5347527e+01  -1.6670881e+01  -1.6416953e+01  -1.5296239e+01  -1.0983593e+01  -1.0385630e+01  -1.0283156e+01  -1.4925735e+01  -1.2699365e+01  -1.4072289e+01
  -2.0000000e+01  -3.2413851e+01  -2.8823971e+01  -1.9188954e+01  -2.1996660e+01  -2.1754962e+01  -1.9345378e+01  -1.1606185e+01  -1.0778013e+01  -1.0572913e+01  -1.1947453e+01  -1.1012798e+01  -1.2897387e+01
  -1.9000000e+01  -2.8257167e+01  -2.4208845e+01  -2.4795039e+01  -2.9568336e+01  -3.8842318e+01  -2.7975131e+01  -1.3365112e+01  -1.2214248e+01  -1.1886801e+01  -1.0325097e+01  -1.0298106e+01  -1.2175366e+01
  -1.8000000e+01  -2.6430178e+01  -2.2010121e+01  -2.8976413e+01  -2.3768501e+01  -2.5415355e+01  -2.9115792e+01  -1.6552715e+01  -1.4914633e+01  -1.4420781e+01  -9.9107136e+00  -1.0581907e+01  -1.2338018e+01
  -1.7000000e+01  -2.5107646e+01  -2.1904371e+01  -2.6721404e+01  -1.9870517e+01  -2.0025056e+01  -2.1697888e+01  -2.1403243e+01  -1.9298925e+01  -1.8607624e+01  -1.0595569e+01  -1.1845180e+01  -1.3545636e+01
  -1.6000000e+01  -2.3447494e+01  -2.3864968e+01  -2.5667633e+01  -1.8579747e+01  -1.8241550e+01  -1.9316682e+01  -2.3651884e+01  -2.4242849e+01  -2.4181591e+01  -1.2332251e+01  -1.3957186e+01  -1.5686254e+01
  -1.5000000e+01  -2.1654275e+01  -2.9369799e+01  -2.6769244e+01  -1.9147189e+01  -1.8487827e+01  -1.9433554e+01  -2.0660435e+01  -2.2751842e+01  -2.3879515e+01  -1.5114328e+01  -1.6389775e+01  -1.7630498e+01
  -1.4000000e+01  -2.0273743e+01  -4.6743091e+01  -2.8097924e+01  -2.1774942e+01  -2.0757611e+01  -2.1999931e+01  -1.9044753e+01  -2.0471498e+01  -2.1298257e+01  -1.8865024e+01  -1.8212223e+01  -1.7633920e+01
  -1.3000000e+01  -1.9620286e+01  -2.7136112e+01  -2.5263553e+01  -2.8143403e+01  -2.6170626e+01  -2.8517593e+01  -1.9401547e+01  -2.0402998e+01  -2.1100373e+01  -2.3388343e+01  -1.9691152e+01  -1.6916355e+01
  -1.2000000e+01  -1.9845165e+01  -2.2116102e+01  -2.1415108e+01  -3.3231005e+01  -3.0531545e+01  -2.7075486e+01  -2.1653584e+01  -2.2600823e+01  -2.3556218e+01  -2.9462221e+01  -2.2385246e+01  -1.6953103e+01
  -1.1000000e+01  -2.1094225e+01  -1.9814256e+01  -1.8836213e+01  -2.4303038e+01  -2.3207789e+01  -2.0345112e+01  -2.5500539e+01  -2.7564212e+01  -3.0765212e+01  -3.6607365e+01  -2.5845004e+01  -1.7675283e+01
  -1.0000000e+01  -2.3575153e+01  -1.9016413e+01  -1.7478009e+01  -2.0888044e+01  -1.9666845e+01  -1.7142495e+01  -2.6273363e+01  -2.9815762e+01  -3.4798324e+01  -2.8301008e+01  -2.2843911e+01  -1.8205576e+01
  -9.0000000e+00  -2.7081861e+01  -1.9387865e+01  -1.7157426e+01  -1.9999906e+01  -1.8500099e+01  -1.5877186e+01  -2.3181529e+01  -2.4869876e+01  -2.5383616e+01  -2.4961762e+01  -1.9244275e+01  -1.8164664e+01
  -8.0000000e+00  -2.7970095e+01  -2.0852171e+01  -1.7786668e+01  -2.1090508e+01  -1.9139400e+01  -1.6076094e+01  -2.1438287e+01  -2.2433649e+01  -2.2396093e+01  -2.5877823e+01  -1.7997826e+01  -1.8415117e+01
  -7.0000000e+00  -2.5172493e+01  -2.3403161e+01  -1.9359898e+01  -2.4704350e+01  -2.1807932e+01  -1.7735379e+01  -2.1483516e+01  -2.2271529e+01  -2.2052769e+01  -3.4617905e+01  -1.9037068e+01  -1.9831460e+01
  -6.0000000e+00  -2.3123433e+01  -2.6744933e+01  -2.1922011e+01  -3.4672805e+01  -2.7927998e+01  -2.1264590e+01  -2.3192415e+01  -2.4092381e+01  -2.3804010e+01  -2.6978771e+01  -2.2683847e+01  -2.2704635e+01
  -5.0000000e+00  -2.2439303e+01  -2.9356772e+01  -2.5528384e+01  -3.1988361e+01  -3.3066420e+01  -2.7540980e+01  -2.6232862e+01  -2.7627121e+01  -2.7555523e+01  -1.8914902e+01  -2.4375406e+01  -2.5555609e+01
  -4.0000000e+00  -2.2654446e+01  -2.9893984e+01  -3.0464630e+01  -2.5195077e+01  -2.5452593e+01  -2.9095383e+01  -2.8339787e+01  -2.9285602e+01  -2.9996373e+01  -1.5042535e+01  -1.9121850e+01  -2.6084420e+01
  -3.0000000e+00  -2.2558897e+01  -2.9416661e+01  -3.9667681e+01  -2.3514772e+01  -2.2678656e+01  -2.4729824e+01  -2.7886687e+01  -2.7260422e+01  -2.7787294e+01  -1.3249246e+01  -1.5649116e+01  -2.6531293e+01
  -2.0000000e+00  -2.0837669e+01  -2.7422794e+01  -3.3948461e+01  -2.4955037e+01  -2.2805394e+01  -2.3451743e+01  -2.8477715e+01  -2.6741164e+01  -2.7030571e+01  -1.3044807e+01  -1.4013100e+01  -2.5956187e+01
  -1.0000000e+00  -1.8305291e+01  -2.4175121e+01  -2.5461356e+01  -3.0331801e+01  -2.5613109e+01  -2.4680215e+01  -3.3334266e+01  -2.9562905e+01  -2.9836323e+01  -1.4318121e+01  -1.3787406e+01  -2.2840669e+01
   0.0000000e+00  -1.6139705e+01  -2.1340741e+01  -2.0699273e+01  -2.8041269e+01  -2.8668916e+01  -2.6902025e+01  -4.0352379e+01  -4.2656609e+01  -4.2833499e+01  -1.7201897e+01  -1.4909906e+01  -2.0734168e+01
   1.0000000e+00  -1.4610004e+01  -1.9488554e+01  -1.7665019e+01  -2.1261623e+01  -2.3823259e+01  -2.5025869e+01  -2.7738187e+01  -3.1179696e+01  -2.9985938e+01  -2.2332043e+01  -1.7646122e+01  -2.1473997e+01
   2.0000000e+00  -1.3524988e+01  -1.8434398e+01  -1.5650735e+01  -1.7827490e+01  -1.9914310e+01  -2.1800097e+01  -2.3351660e+01  -2.4849806e+01  -2.3898525e+01  -3.2868070e+01  -2.3115357e+01  -2.7761193e+01
   3.0000000e+00  -1.2425924e+01  -1.7327208e+01  -1.4097827e+01  -1.6246012e+01  -1.8145651e+01  -2.0269106e+01  -2.1460632e+01  -2.2232679e+01  -2.1289418e+01  -3.6682815e+01  -3.1865270e+01  -3.0741343e+01
   4.0000000e+00  -1.0816307e+01  -1.4946350e+01  -1.2373139e+01  -1.5497146e+01  -1.7432454e+01  -1.9739844e+01  -1.9492952e+01  -2.0012572e+01  -1.9402976e+01  -2.8539675e+01  -2.5002945e+01  -2.0947886e+01
   5.0000000e+00  -8.6608205e+00  -1.1558586e+01  -1.0105717e+01  -1.4031444e+01  -1.5705770e+01  -1.7349140e+01  -1.5446046e+01  -1.5987320e+01  -1.5958285e+01  -2.3041825e+01  -2.1534042e+01  -1.9339897e+01
   6.0000000e+00  -6.3646940e+00  -8.2687247e+00  -7.5463354e+00  -1.1023673e+01  -1.2054916e+01  -1.2794749e+01  -1.0907060e+01  -1.1397293e+01  -1.1567816e+01  -1.6579494e+01  -1.7407026e+01  -2.5971297e+01
   7.0000000e+00  -4.2854792e+00  -5.5309080e+00  -5.1433669e+00  -7.6626766e+00  -8.2504983e+00  -8.6036366e+00  -7.1481787e+00  -7.5411421e+00  -7.7072763e+00  -1.1084660e+01  -1.1711734e+01  -2.0062919e+01
   8.0000000e+00  -2.5841604e+00  -3.3940975e+00  -3.1462557e+00  -4.8293341e+00  -5.1780731e+00  -5.3759571e+00  -4.2899144e+00  -4.5867274e+00  -4.7097232e+00  -6.8453860e+00  -7.0130732e+00  -9.9354904e+00
   9.0000000e+00  -1.3066284e+00  -1.8132277e+00  -1.6320766e+00  -2.6898077e+00  -2.8967937e+00  -3.0139287e+00  -2.2249382e+00  -2.4360982e+00  -2.5170186e+00  -3.7089867e+00  -3.6492276e+00  -4.8801658e+00
   1.0000000e+01  -4.5484819e-01  -7.4029534e-01  -6.0817451e-01  -1.2061716e+00  -1.3188665e+00  -1.3835756e+00  -8.5517445e-01  -9.9017123e-01  -1.0367456e+00  -1.5617100e+00  -1.4369284e+00  -1.9259289e+00
   1.1000000e+01  -2.0392142e-02  -1.4183526e-01  -6.5696912e-02  -3.2159184e-01  -3.6788717e-01  -3.9506745e-01  -1.2103361e-01  -1.8658647e-01  -2.0653736e-01  -3.3434824e-01  -2.4042208e-01  -3.7534240e-01
   1.2000000e+01   0.0000000e+00   0.0000000e+00   0.0000000e+00   0.0000000e+00   0.0000000e+00   0.0000000e+00   0.0000000e+00   0.0000000e+00   0.0000000e+00   0.0000000e+00   0.0000000e+00   0.0000000e+00
   1.3000000e+01  -4.0425409e-01  -3.1260808e-01  -4.1923474e-01  -2.3145015e-01  -2.0230914e-01  -1.8388913e-01  -5.0559293e-01  -4.4106714e-01  -4.2680991e-01  -5.9694133e-01  -7.3722812e-01  -7.6614931e-01
   1.4000000e+01  -1.2634077e+00  -1.0962891e+00  -1.3519387e+00  -1.0317671e+00  -9.9034116e-01  -9.6331138e-01  -1.6948480e+00  -1.5638738e+00  -1.5405272e+00  -2.2669647e+00  -2.5906211e+00  -2.8210029e+00
   1.5000000e+01  -2.6331302e+00  -2.3940986e+00  -2.8588433e+00  -2.4461887e+00  -2.4111725e+00  -2.3901490e+00  -3.6924712e+00  -3.4908085e+00  -3.4640704e+00  -5.3563834e+00  -5.9261219e+00  -6.6503106e+00
   1.6000000e+01  -4.6041297e+00  -4.2896794e+00  -5.0526828e+00  -4.5622282e+00  -4.5557642e+00  -4.5657523e+00  -6.7506536e+00  -6.4768395e+00  -6.4553823e+00  -1.0775795e+01  -1.1819544e+01  -1.3882922e+01
   1.7000000e+01  -7.3184003e+00  -6.9333001e+00  -8.1283474e+00  -7.5284274e+00  -7.5727686e+00  -7.6602346e+00  -1.1385865e+01  -1.1082463e+01  -1.1083718e+01  -1.9782602e+01  -2.6062007e+01  -2.3759295e+01
   1.8000000e+01  -1.0962032e+01  -1.0580788e+01  -1.2351537e+01  -1.1500875e+01  -1.1570001e+01  -1.1823616e+01  -1.8054036e+01  -1.8276061e+01  -1.8298449e+01  -1.5580608e+01  -1.8723645e+01  -1.5014482e+01
   1.9000000e+01  -1.5354524e+01  -1.5469163e+01  -1.7203200e+01  -1.5803688e+01  -1.5517876e+01  -1.5930791e+01  -1.8984588e+01  -1.9781963e+01  -1.9497623e+01  -1.2251793e+01  -1.4837011e+01  -1.3279282e+01
   2.0000000e+01  -1.7623621e+01  -1.9428481e+01  -1.8147987e+01  -1.6890270e+01  -1.5930939e+01  -1.6017599e+01  -1.5812857e+01  -1.5725771e+01  -1.5470319e+01  -1.2137968e+01  -1.5058502e+01  -1.5368989e+01
   2.1000000e+01  -1.6114821e+01  -1.7984251e+01  -1.6337238e+01  -1.5615736e+01  -1.4634956e+01  -1.4496059e+01  -1.5124596e+01  -1.4533395e+01  -1.4289921e+01  -1.4239564e+01  -1.6797487e+01  -2.2367294e+01
   2.2000000e+01  -1.4725435e+01  -1.6270573e+01  -1.5749665e+01  -1.5283156e+01  -1.4394595e+01  -1.4174153e+01  -1.6779988e+01  -1.5555120e+01  -1.5288635e+01  -1.7146468e+01  -1.5836854e+01  -2.0193963e+01
   2.3000000e+01  -1.4492328e+01  -1.6116404e+01  -1.6835730e+01  -1.6523436e+01  -1.5673966e+01  -1.5378900e+01  -2.1475256e+01  -1.8851998e+01  -1.8526739e+01  -1.5999292e+01  -1.2746092e+01  -1.3852079e+01
   2.4000000e+01  -1.5421269e+01  -1.7554787e+01  -2.0037978e+01  -1.9806886e+01  -1.8943730e+01  -1.8485277e+01  -2.6289863e+01  -2.3999527e+01  -2.3933617e+01  -1.3203573e+01  -1.0648526e+01  -1.1269760e+01
   2.5000000e+01  -1.7620797e+01  -2.1063566e+01  -2.7601510e+01  -2.6649776e+01  -2.6352322e+01  -2.5316598e+01  -1.8927120e+01  -2.0946232e+01  -2.1515563e+01  -1.1871490e+01  -9.8641795e+00  -1.0672893e+01
   2.6000000e+01  -2.1519606e+01  -2.9538712e+01  -2.8384070e+01  -2.6754858e+01  -3.0773178e+01  -3.4076882e+01  -1.4644770e+01  -1.6419102e+01  -1.6854106e+01  -1.2092127e+01  -1.0213353e+01  -1.1456548e+01
   2.7000000e+01  -2.7122939e+01  -3.2540630e+01  -2.0336454e+01  -2.0264840e+01  -2.1415230e+01  -2.2622069e+01  -1.2497762e+01  -1.4056209e+01  -1.4456618e+01  -1.3795496e+01  -1.1540285e+01  -1.3242442e+01
   2.8000000e+01  -2.5635196e+01  -2.2572138e+01  -1.6789913e+01  -1.7183392e+01  -1.7922338e+01  -1.8857940e+01  -1.1647958e+01  -1.3147017e+01  -1.3579052e+01  -1.7137918e+01  -1.3695553e+01  -1.5316459e+01
   2.9000000e+01  -2.1304291e+01  -1.8935376e+01  -1.5115709e+01  -1.5872993e+01  -1.6587834e+01  -1.7530540e+01  -1.1780487e+01  -1.3346567e+01  -1.3860103e+01  -2.2378451e+01  -1.6394632e+01  -1.6480354e+01
   3.0000000e+01  -1.8942482e+01  -1.7322789e+01  -1.4602966e+01  -1.5733300e+01  -1.6612288e+01  -1.7712815e+01  -1.2783076e+01  -1.4550036e+01  -1.5204010e+01  -2.6657844e+01  -1.8944049e+01  -1.6616048e+01
   3.1000000e+01  -1.7933575e+01  -1.6924873e+01  -1.5006652e+01  -1.6555658e+01  -1.7805124e+01  -1.9249171e+01  -1.4642025e+01  -1.6782952e+01  -1.7660339e+01  -2.5310462e+01  -2.0125086e+01  -1.6604665e+01
   3.2000000e+01  -1.7895432e+01  -1.7497905e+01  -1.6267917e+01  -1.8317366e+01  -2.0304707e+01  -2.2476779e+01  -1.7364538e+01  -2.0033126e+01  -2.1170828e+01  -2.4587282e+01  -1.9307445e+01  -1.6575995e+01
   3.3000000e+01  -1.8672458e+01  -1.9021860e+01  -1.8444526e+01  -2.1135473e+01  -2.4772000e+01  -2.9004799e+01  -2.0694770e+01  -2.3243936e+01  -2.3982631e+01  -2.4038517e+01  -1.7445036e+01  -1.6179707e+01
   3.4000000e+01  -2.0243594e+01  -2.1663233e+01  -2.1665010e+01  -2.5168110e+01  -3.3296960e+01  -3.9399917e+01  -2.3189968e+01  -2.3354849e+01  -2.3027634e+01  -2.1210266e+01  -1.5657575e+01  -1.5512102e+01
   3.5000000e+01  -2.2710878e+01  -2.5856870e+01  -2.5711409e+01  -2.9278684e+01  -3.1595537e+01  -2.7592256e+01  -2.3266844e+01  -2.1711549e+01  -2.1223703e+01  -1.8000609e+01  -1.4470434e+01  -1.5122757e+01
   3.6000000e+01  -2.6328421e+01  -3.1485147e+01  -2.7875796e+01  -2.8983211e+01  -2.5822577e+01  -2.3512470e+01  -2.2550135e+01  -2.0754472e+01  -2.0438647e+01  -1.5817416e+01  -1.4059496e+01  -1.5444631e+01
   3.7000000e+01  -3.1179929e+01  -3.0432742e+01  -2.6465750e+01  -2.6965861e+01  -2.3432372e+01  -2.1885631e+01  -2.2340939e+01  -2.0763454e+01  -2.0708891e+01  -1.4691146e+01  -1.4458490e+01  -1.6647879e+01
   3.8000000e+01  -3.3233633e+01  -2.6479866e+01  -2.5148305e+01  -2.6056525e+01  -2.2733189e+01  -2.1661790e+01  -2.2562772e+01  -2.1476213e+01  -2.1786725e+01  -1.4476009e+01  -1.5648589e+01  -1.8661325e+01
   3.9000000e+01  -3.0193221e+01  -2.4321771e+01  -2.5047056e+01  -2.6232971e+01  -2.3198478e+01  -2.2559860e+01  -2.2543075e+01  -2.2294066e+01  -2.3059034e+01  -1.5101083e+01  -1.7545756e+01  -2.0780014e+01
   4.0000000e+01  -2.7847217e+01  -2.3445777e+01  -2.6273181e+01  -2.7097883e+01  -2.4663314e+01  -2.4606242e+01  -2.1742610e+01  -2.2343262e+01  -2.3354000e+01  -1.6551963e+01  -1.9713646e+01  -2.1184416e+01
   4.1000000e+01  -2.6734066e+01  -2.3457096e+01  -2.9190674e+01  -2.7903436e+01  -2.7046343e+01  -2.8106787e+01  -2.0478089e+01  -2.1462679e+01  -2.2342359e+01  -1.8771983e+01  -2.0966199e+01  -1.9881496e+01
   4.2000000e+01  -2.6514842e+01  -2.4100169e+01  -3.4921822e+01  -2.7635760e+01  -2.9739202e+01  -3.3200205e+01  -1.9346362e+01  -2.0378825e+01  -2.1060397e+01  -2.1465100e+01  -2.0814098e+01  -1.8739401e+01
   4.3000000e+01  -2.6944225e+01  -2.5077200e+01  -3.6422502e+01  -2.6297325e+01  -3.0343663e+01  -3.3484962e+01  -1.8641132e+01  -1.9636170e+01  -2.0205394e+01  -2.3868719e+01  -2.0478364e+01  -1.8429301e+01
   4.4000000e+01  -2.7810372e+01  -2.5897594e+01  -2.9552436e+01  -2.4786751e+01  -2.8409499e+01  -2.9156677e+01  -1.8434023e+01  -1.9407939e+01  -1.9946443e+01  -2.5371936e+01  -2.0855955e+01  -1.8942733e+01
   4.5000000e+01  -2.8830770e+01  -2.6008472e+01  -2.5530645e+01  -2.3624220e+01  -2.6427325e+01  -2.6364310e+01  -1.8725256e+01  -1.9724340e+01  -2.0294447e+01  -2.6644342e+01  -2.2305564e+01  -2.0149835e+01
   4.6000000e+01  -2.9602030e+01  -2.5350601e+01  -2.3095476e+01  -2.2923221e+01  -2.5153950e+01  -2.4852602e+01  -1.9508927e+01  -2.0595548e+01  -2.1254122e+01  -2.8869578e+01  -2.5236543e+01  -2.1856988e+01
   4.7000000e+01  -2.9789736e+01  -2.4370708e+01  -2.1563987e+01  -2.2655099e+01  -2.4545065e+01  -2.4197058e+01  -2.0792432e+01  -2.2054336e+01  -2.2869582e+01  -3.3386364e+01  -3.0462652e+01  -2.3603341e+01
   4.8000000e+01  -2.9450142e+01  -2.3455466e+01  -2.0620018e+01  -2.2754830e+01  -2.4468956e+01  -2.4162607e+01  -2.2595054e+01  -2.4172267e+01  -2.5246902e+01  -4.3489251e+01  -3.4453578e+01  -2.4649089e+01
   4.9000000e+01  -2.8912418e+01  -2.2764997e+01  -2.0087033e+01  -2.3147876e+01  -2.4806915e+01  -2.4607024e+01  -2.4920458e+01  -2.7056658e+01  -2.8559207e+01  -3.6949896e+01  -2.9374550e+01  -2.4860280e+01
   5.0000000e+01  -2.8426584e+01  -2.2332121e+01  -1.9851930e+01  -2.3753126e+01  -2.5448539e+01  -2.5428488e+01  -2.7637612e+01  -3.0694890e+01  -3.2739464e+01  -3.1571411e+01  -2.6119435e+01  -2.4903668e+01
   5.1000000e+01  -2.8067147e+01  -2.2139649e+01  -1.9835491e+01  -2.4479861e+01  -2.6272918e+01  -2.6532546e+01  -3.0098271e+01  -3.3806378e+01  -3.5071514e+01  -2.9583871e+01  -2.4696743e+01  -2.5278164e+01
   5.2000000e+01  -2.7794116e+01  -2.2150491e+01  -1.9979469e+01  -2.5228085e+01  -2.7132268e+01  -2.7796218e+01  -3.0989753e+01  -3.3347492e+01  -3.2899006e+01  -2.9631928e+01  -2.4531130e+01  -2.6109157e+01
   5.3000000e+01  -2.7524452e+01  -2.2316887e+01  -2.0240761e+01  -2.5901580e+01  -2.7857810e+01  -2.9023592e+01  -3.0224233e+01  -3.1143759e+01  -3.0394616e+01  -3.1738377e+01  -2.5532420e+01  -2.7315558e+01
   5.4000000e+01  -2.7191534e+01  -2.2584001e+01  -2.0588917e+01  -2.6434727e+01  -2.8309984e+01  -2.9933663e+01  -2.9044209e+01  -2.9362380e+01  -2.8715497e+01  -3.6834926e+01  -2.8005030e+01  -2.8613826e+01
   5.5000000e+01  -2.6783057e+01  -2.2894570e+01  -2.1004673e+01  -2.6813244e+01  -2.8446185e+01  -3.0279315e+01  -2.8082919e+01  -2.8180251e+01  -2.7676994e+01  -3.7812514e+01  -3.3087738e+01  -2.9556187e+01
   5.6000000e+01  -2.6339682e+01  -2.3196786e+01  -2.1477854e+01  -2.7064252e+01  -2.8326802e+01  -3.0049539e+01  -2.7452286e+01  -2.7460347e+01  -2.7088433e+01  -3.1014727e+01  -4.4493287e+01  -3.0002183e+01
   5.7000000e+01  -2.5923348e+01  -2.3453650e+01  -2.2003990e+01  -2.7222199e+01  -2.8049948e+01  -2.9457818e+01  -2.7135519e+01  -2.7097654e+01  -2.6838975e+01  -2.7055576e+01  -3.4672298e+01  -3.0385626e+01
   5.8000000e+01  -2.5585852e+01  -2.3648785e+01  -2.2580182e+01  -2.7301667e+01  -2.7693138e+01  -2.8736018e+01  -2.7104764e+01  -2.7034518e+01  -2.6871733e+01  -2.4766809e+01  -2.9414877e+01  -3.1215736e+01
   5.9000000e+01  -2.5354323e+01  -2.3784701e+01  -2.3201352e+01  -2.7295288e+01  -2.7300961e+01  -2.8025287e+01  -2.7340464e+01  -2.7243263e+01  -2.7160866e+01  -2.3443974e+01  -2.6887292e+01  -3.2765988e+01
   6.0000000e+01  -2.5230475e+01  -2.3875016e+01  -2.3857994e+01  -2.7191447e+01  -2.6897948e+01  -2.7388570e+01  -2.7828431e+01  -2.7711336e+01  -2.7696581e+01  -2.2733331e+01  -2.5571955e+01  -3.5036197e+01
   6.1000000e+01  -2.5196462e+01  -2.3936320e+01  -2.4536187e+01  -2.6994499e+01  -2.6502101e+01  -2.6847059e+01  -2.8551932e+01  -2.8430479e+01  -2.8474787e+01  -2.2442647e+01  -2.4913604e+01  -3.7255235e+01
   6.2000000e+01  -2.5224232e+01  -2.3984216e+01  -2.5220199e+01  -2.6731890e+01  -2.6130980e+01  -2.6403834e+01  -2.9480648e+01  -2.9386773e+01  -2.9487533e+01  -2.2486830e+01  -2.4651990e+01  -3.7250959e+01
   6.3000000e+01  -2.5287734e+01  -2.4033922e+01  -2.5897154e+01  -2.6445893e+01  -2.5802148e+01  -2.6055657e+01  -3.0555516e+01  -3.0547599e+01  -3.0709844e+01  -2.2849927e+01  -2.4675739e+01  -3.5109921e+01
   6.4000000e+01  -2.5375543e+01  -2.4102807e+01  -2.6561995e+01  -2.6179925e+01  -2.5531769e+01  -2.5798761e+01  -3.1673242e+01  -3.1842957e+01  -3.2079049e+01  -2.3544222e+01  -2.4954224e+01  -3.2903888e+01
   6.5000000e+01  -2.5498232e+01  -2.4211705e+01  -2.7220190e+01  -2.5969148e+01  -2.5333502e+01  -2.5631655e+01  -3.2689328e+01  -3.3147021e+01  -3.3469615e+01  -2.4582636e+01  -2.5487100e+01  -3.1293395e+01
   6.6000000e+01  -2.5685654e+01  -2.4383289e+01  -2.7886786e+01  -2.5837529e+01  -2.5218040e+01  -2.5555855e+01  -3.3469594e+01  -3.4287887e+01  -3.4691558e+01  -2.5968117e+01  -2.6273099e+01  -3.0310487e+01
   6.7000000e+01  -2.5975884e+01  -2.4638050e+01  -2.8582856e+01  -2.5798816e+01  -2.5192945e+01  -2.5574918e+01  -3.3974979e+01  -3.5122979e+01  -3.5566241e+01  -2.7690572e+01  -2.7295383e+01  -2.9901242e+01
   6.8000000e+01  -2.6403209e+01  -2.4990459e+01  -2.9331845e+01  -2.5858777e+01  -2.5262564e+01  -2.5692510e+01  -3.4286925e+01  -3.5639526e+01  -3.6056223e+01  -2.9724664e+01  -2.8515172e+01  -3.0022402e+01
   6.9000000e+01  -2.6990878e+01  -2.5447702e+01  -3.0157408e+01  -2.6017437e+01  -2.5428075e+01  -2.5910426e+01  -3.4538336e+01  -3.5954543e+01  -3.6286988e+01  -3.2031346e+01  -2.9869262e+01  -3.0650723e+01
   7.0000000e+01  -2.7748643e+01  -2.6010965e+01  -3.1082520e+01  -2.6271118e+01  -2.5687753e+01  -2.6227236e+01  -3.4837484e+01  -3.6214655e+01  -3.6428004e+01  -3.4575585e+01  -3.1272097e+01  -3.1779717e+01
   7.1000000e+01  -2.8671879e+01  -2.6677358e+01  -3.2128777e+01  -2.6614199e+01  -2.6037340e+01  -2.6637698e+01  -3.5243659e+01  -3.6520998e+01  -3.6595567e+01  -3.7370520e+01  -3.2625936e+01  -3.3424415e+01
   7.2000000e+01  -2.9739154e+01  -2.7441038e+01  -3.3315273e+01  -2.7040356e+01  -2.6470386e+01  -2.7132733e+01  -3.5776457e+01  -3.6919069e+01  -3.6840024e+01  -4.0519456e+01  -3.3840529e+01  -3.5653284e+01
   7.3000000e+01  -3.0906357e+01  -2.8293429e+01  -3.4657381e+01  -2.7543018e+01  -2.6978457e+01  -2.7699702e+01  -3.6430942e+01  -3.7416196e+01  -3.7168558e+01  -4.4114887e+01  -3.4854351e+01  -3.8681931e+01
   7.4000000e+01  -3.2097839e+01  -2.9223083e+01  -3.6165859e+01  -2.8115121e+01  -2.7551215e+01  -2.8322865e+01  -3.7188410e+01  -3.7998928e+01  -3.7567045e+01  -4.7376249e+01  -3.5645712e+01  -4.3164649e+01
   7.5000000e+01  -3.3201252e+01  -3.0215632e+01  -3.7845718e+01  -2.8748519e+01  -2.8176479e+01  -2.8984020e+01  -3.8022332e+01  -3.8644145e+01  -3.8013613e+01  -4.7534589e+01  -3.6231845e+01  -5.1711589e+01
   7.6000000e+01  -3.4083356e+01  -3.1254058e+01  -3.9692591e+01  -2.9433454e+01  -2.8840369e+01  -2.9663410e+01  -3.8901300e+01  -3.9325319e+01  -3.8485970e+01  -4.5395726e+01  -3.6659424e+01  -5.3274940e+01
   7.7000000e+01  -3.4641164e+01  -3.2319245e+01  -4.1682238e+01  -3.0158324e+01  -2.9527654e+01  -3.0340976e+01  -3.9790643e+01  -4.0015997e+01  -3.8964981e+01  -4.3462285e+01  -3.6988405e+01  -4.4674355e+01
   7.8000000e+01  -3.4859892e+01  -3.3390733e+01  -4.3745870e+01  -3.0909835e+01  -3.0222330e+01  -3.0997912e+01  -4.0653902e+01  -4.0691749e+01  -3.9435921e+01  -4.2149816e+01  -3.7274313e+01  -4.0722197e+01
   7.9000000e+01  -3.4815177e+01  -3.4447593e+01  -4.5726677e+01  -3.1673450e+01  -3.0908449e+01  -3.1618315e+01  -4.1455014e+01  -4.1331158e+01  -3.9888227e+01  -4.1335270e+01  -3.7555949e+01  -3.8387869e+01
   8.0000000e+01  -3.4616979e+01  -3.5469394e+01  -4.7351018e+01  -3.2434037e+01  -3.1571093e+01  -3.2190566e+01  -4.2161546e+01  -4.1916183e+01  -4.0314411e+01  -4.0868022e+01  -3.7850924e+01  -3.6905255e+01
   8.1000000e+01  -3.4357089e+01  -3.6437220e+01  -4.8333812e+01  -3.3176605e+01  -3.2197382e+01  -3.2708065e+01  -4.2748557e+01  -4.2432152e+01  -4.0708693e+01  -4.0623159e+01  -3.8156913e+01  -3.5966048e+01
   8.2000000e+01  -3.4092210e+01  -3.7334683e+01  -4.8631343e+01  -3.3887103e+01  -3.2777314e+01  -3.3169114e+01  -4.3201777e+01  -4.2867609e+01  -4.1065809e+01  -4.0499834e+01  -3.8456275e+01  -3.5409571e+01
   8.3000000e+01  -3.3849626e+01  -3.8148793e+01  -4.8483333e+01  -3.4553202e+01  -3.3304280e+01  -3.3576032e+01  -4.3518511e+01  -4.3214162e+01  -4.1380222e+01  -4.0420625e+01  -3.8723125e+01  -3.5136617e+01
   8.4000000e+01  -3.3637834e+01  -3.8870543e+01  -4.8169489e+01  -3.5164995e+01  -3.3775138e+01  -3.3933829e+01  -4.3705557e+01  -4.3466295e+01  -4.1645817e+01  -4.0335027e+01  -3.8932399e+01  -3.5077948e+01
   8.5000000e+01  -3.3454880e+01  -3.9495079e+01  -4.7859488e+01  -3.5715473e+01  -3.4189849e+01  -3.4248835e+01  -4.3774988e+01  -4.3621077e+01  -4.1855965e+01  -4.0221689e+01  -3.9069006e+01  -3.5180677e+01
   8.6000000e+01  -3.3293560e+01  -4.0021404e+01  -4.7624869e+01  -3.6200688e+01  -3.4550780e+01  -3.4527571e+01  -4.3739708e+01  -4.3677702e+01  -4.2003872e+01  -4.0084627e+01  -3.9133487e+01  -3.5401766e+01
   8.7000000e+01  -3.3144367e+01  -4.0451679e+01  -4.7485276e+01  -3.6619517e+01  -3.4861863e+01  -3.4775979e+01  -4.3610531e+01  -4.3637038e+01  -4.2083093e+01  -3.9943770e+01  -3.9141500e+01  -3.5704902e+01
   8.8000000e+01  -3.2997104e+01  -4.0790271e+01  -4.7438071e+01  -3.6973105e+01  -3.5127753e+01  -3.4999006e+01  -4.3395635e+01  -4.3501479e+01  -4.2088187e+01  -3.9824303e+01  -3.9117873e+01  -3.6059210e+01
   8.9000000e+01  -3.2841787e+01  -4.1042731e+01  -4.7472174e+01  -3.7264079e+01  -3.5353121e+01  -3.5200424e+01  -4.3102114e+01  -4.3275344e+01  -4.2015522e+01  -3.9748802e+01  -3.9088892e+01  -3.6439083e+01
   9.0000000e+01  -3.2669171e+01  -4.1214863e+01  -4.7573632e+01  -3.7495724e+01  -3.5542113e+01  -3.5382798e+01  -4.2738545e+01  -4.2965812e+01  -4.1864246e+01  -3.9733179e+01  -3.9076168e+01  -3.6824708e+01
   9.1000000e+01  -3.2471111e+01  -4.1311996e+01  -4.7727468e+01  -3.7671247e+01  -3.5697992e+01  -3.5547516e+01  -4.2317039e+01  -4.2583937e+01  -4.1637303e+01  -3.9785363e+01  -3.9093318e+01  -3.7203004e+01
   9.2000000e+01  -3.2240837e+01  -4.1338511e+01  -4.7917838e+01  -3.7793264e+01  -3.5822910e+01  -3.5694814e+01  -4.1853670e+01  -4.2145059e+01  -4.1342242e+01  -3.9905360e+01  -3.9145040e+01  -3.7568736e+01
   9.3000000e+01  -3.1973174e+01  -4.1297641e+01  -4.8127309e+01  -3.7863533e+01  -3.5917806e+01  -3.5823786e+01  -4.1367228e+01  -4.1668121e+01  -4.0991416e+01  -4.0086051e+01  -3.9227805e+01  -3.7925609e+01
   9.4000000e+01  -3.1664722e+01  -4.1191527e+01  -4.8335539e+01  -3.7882966e+01  -3.5982385e+01  -3.5932367e+01  -4.0877219e+01  -4.1174042e+01  -4.0601329e+01  -4.0314819e+01  -3.9331788e+01  -3.8287123e+01
   9.5000000e+01  -3.1313969e+01  -4.1021508e+01  -4.8517473e+01  -3.7851872e+01  -3.6015205e+01  -3.6017327e+01  -4.0402169e+01  -4.0683814e+01  -4.0191218e+01  -4.0576607e+01  -3.9443979e+01  -3.8676940e+01
   9.6000000e+01  -3.0921325e+01  -4.0788592e+01  -4.8641463e+01  -3.7770389e+01  -3.6013848e+01  -3.6074295e+01  -3.9958730e+01  -4.0217033e+01  -3.9781324e+01  -4.0858788e+01  -3.9552283e+01  -3.9128689e+01
   9.7000000e+01  -3.0489059e+01  -4.0494046e+01  -4.8668383e+01  -3.7638994e+01  -3.5975220e+01  -3.6097885e+01  -3.9561530e+01  -3.9791193e+01  -3.9391406e+01  -4.1157365e+01  -3.9649731e+01  -3.9685522e+01
   9.8000000e+01  -3.0021144e+01  -4.0139984e+01  -4.8553891e+01  -3.7458992e+01  -3.5895971e+01  -3.6081976e+01  -3.9223422e+01  -3.9421637e+01  -3.9039818e+01  -4.1482787e+01  -3.9737196e+01  -4.0400290e+01
   9.9000000e+01  -2.9523022e+01  -3.9729879e+01  -4.8256110e+01  -3.7232862e+01  -3.5773016e+01  -3.6020195e+01  -3.8955867e+01  -3.9121890e+01  -3.8743175e+01  -4.1863446e+01  -3.9822960e+01  -4.1337868e+01
   1.0000000e+02  -2.9001316e+01  -3.9268871e+01  -4.7748280e+01  -3.6964359e+01  -3.5604096e+01  -3.5906602e+01  -3.8769263e+01  -3.8904121e+01  -3.8516460e+01  -4.2346288e+01  -3.9918425e+01  -4.2582428e+01
   1.0100000e+02  -2.8463533e+01  -3.8763850e+01  -4.7030418e+01  -3.6658349e+01  -3.5388294e+01  -3.5736529e+01  -3.8673157e+01  -3.8779544e+01  -3.8373333e+01  -4.2996214e+01  -4.0030762e+01  -4.4255811e+01
   1.0200000e+02  -2.7917773e+01  -3.8223296e+01  -4.6131545e+01  -3.6320424e+01  -3.5126393e+01  -3.5507415e+01  -3.8676282e+01  -3.8758671e+01  -3.8326478e+01  -4.3896591e+01  -4.0154645e+01  -4.6563933e+01
   1.0300000e+02  -2.7372487e+01  -3.7656964e+01  -4.5100216e+01  -3.5956393e+01  -3.4821009e+01  -3.5219473e+01  -3.8786388e+01  -3.8851292e+01  -3.8387823e+01  -4.5149083e+01  -4.0266566e+01  -4.9925135e+01
   1.0400000e+02  -2.6836281e+01  -3.7075477e+01  -4.3989958e+01  -3.5571794e+01  -3.4476482e+01  -3.4876017e+01  -3.9009740e+01  -3.9066010e+01  -3.8568407e+01  -4.6846979e+01  -4.0326581e+01  -5.5296219e+01
   1.0500000e+02  -2.6317796e+01  -3.6489919e+01  -4.2847835e+01  -3.5171557e+01  -3.4098578e+01  -3.4483366e+01  -3.9350044e+01  -3.9409002e+01  -3.8877592e+01  -4.8865838e+01  -4.0290971e+01  -5.9725819e+01
   1.0600000e+02  -2.5825644e+01  -3.5911471e+01  -4.1709224e+01  -3.4759891e+01  -3.3694093e+01  -3.4050359e+01  -3.9806307e+01  -3.9881318e+01  -3.9320967e+01  -5.0000606e+01  -4.0131125e+01  -5.3128581e+01
   1.0700000e+02  -2.5368403e+01  -3.5351123e+01  -4.0597408e+01  -3.4340416e+01  -3.3270473e+01  -3.3587632e+01  -4.0368673e+01  -4.0473459e+01  -3.9895791e+01  -4.8385332e+01  -3.9844031e+01  -4.8372264e+01
   1.0800000e+02  -2.4954676e+01  -3.4819419e+01  -3.9525493e+01  -3.3916486e+01  -3.2835489e+01  -3.3106790e+01  -4.1010788e+01  -4.1155333e+01  -4.0581912e+01  -4.5364753e+01  -3.9444563e+01  -4.5217773e+01
   1.0900000e+02  -2.4593183e+01  -3.4326235e+01  -3.8499006e+01  -3.3491583e+01  -3.2396998e+01  -3.2619632e+01  -4.1677478e+01  -4.1860364e+01  -4.1325925e+01  -4.2555285e+01  -3.8949281e+01  -4.2944857e+01
   1.1000000e+02  -2.4292892e+01  -3.3880525e+01  -3.7518471e+01  -3.3069655e+01  -3.1962768e+01  -3.2137481e+01  -4.2270816e+01  -4.2469759e+01  -4.2020957e+01  -4.0244633e+01  -3.8370360e+01  -4.1276141e+01
   1.1100000e+02  -2.4063184e+01  -3.3490005e+01  -3.6581763e+01  -3.2655268e+01  -3.1540319e+01  -3.1670661e+01  -4.2651433e+01  -4.2822933e+01  -4.2503296e+01  -3.8369884e+01  -3.7725906e+01  -4.0105217e+01
   1.1200000e+02  -2.3914027e+01  -3.3160721e+01  -3.5686162e+01  -3.2253510e+01  -3.1136782e+01  -3.1228119e+01  -4.2686112e+01  -4.2790412e+01  -4.2611310e+01  -3.6843289e+01  -3.7055465e+01  -3.9388154e+01
   1.1300000e+02  -2.3856171e+01  -3.2896463e+01  -3.4829981e+01  -3.1869704e+01  -3.0758764e+01  -3.0817206e+01  -4.2336534e+01  -4.2375172e+01  -4.2303509e+01  -3.5603966e+01  -3.6423200e+01  -3.9089887e+01
   1.1400000e+02  -2.3901360e+01  -3.2697973e+01  -3.4013577e+01  -3.1509040e+01  -3.0412268e+01  -3.0443667e+01  -4.1698548e+01  -4.1721459e+01  -4.1706192e+01  -3.4617582e+01  -3.5900211e+01  -3.9151718e+01
   1.1500000e+02  -2.4062564e+01  -3.2561954e+01  -3.3239588e+01  -3.1176279e+01  -3.0102700e+01  -3.0111871e+01  -4.0936538e+01  -4.1019503e+01  -4.1023926e+01  -3.3860728e+01  -3.5532667e+01  -3.9477844e+01
   1.1600000e+02  -2.4354264e+01  -3.2479972e+01  -3.2512373e+01  -3.0875669e+01  -2.9835014e+01  -2.9825328e+01  -4.0193205e+01  -4.0424165e+01  -4.0437822e+01  -3.3297101e+01  -3.5312808e+01  -3.9962153e+01
   1.1700000e+02  -2.4792811e+01  -3.2437555e+01  -3.1836821e+01  -3.0611056e+01  -2.9614013e+01  -2.9587439e+01  -3.9547608e+01  -4.0032550e+01  -4.0074620e+01  -3.2858134e+01  -3.5178438e+01  -4.0582606e+01
   1.1800000e+02  -2.5396919e+01  -3.2414179e+01  -3.1216922e+01  -3.0386080e+01  -2.9444708e+01  -2.9402366e+01  -3.9010706e+01  -3.9884267e+01  -4.0013492e+01  -3.2462076e+01  -3.5070035e+01  -4.1535571e+01
   1.1900000e+02  -2.6188338e+01  -3.2385159e+01  -3.0654595e+01  -3.0204298e+01  -2.9332570e+01  -2.9275706e+01  -3.8531486e+01  -3.9949298e+01  -4.0285710e+01  -3.2095493e+01  -3.5025566e+01  -4.3321655e+01
   1.2000000e+02  -2.7192754e+01  -3.2326357e+01  -3.0149438e+01  -3.0069177e+01  -2.9283467e+01  -2.9214646e+01  -3.8010067e+01  -4.0087833e+01  -4.0834491e+01  -3.1870496e+01  -3.5212661e+01  -4.6855453e+01
   1.2100000e+02  -2.8440812e+01  -3.2221446e+01  -2.9699920e+01  -2.9984015e+01  -2.9303260e+01  -2.9227390e+01  -3.7332028e+01  -4.0008407e+01  -4.1393521e+01  -3.1963504e+01  -3.5871283e+01  -5.4117200e+01
   1.2200000e+02  -2.9968737e+01  -3.2069308e+01  -2.9306117e+01  -2.9951964e+01  -2.9397297e+01  -2.9322067e+01  -3.6427899e+01  -3.9366134e+01  -4.1359865e+01  -3.2540955e+01  -3.7266955e+01  -5.4878664e+01
   1.2300000e+02  -3.1816508e+01  -3.1887942e+01  -2.8973191e+01  -2.9976226e+01  -2.9570202e+01  -2.9505782e+01  -3.5320079e+01  -3.8078188e+01  -4.0209826e+01  -3.3769413e+01  -3.9678382e+01  -4.8460052e+01
   1.2400000e+02  -3.4016648e+01  -3.1712792e+01  -2.8713948e+01  -3.0060436e+01  -2.9826177e+01  -2.9784556e+01  -3.4112322e+01  -3.6425423e+01  -3.8255315e+01  -3.5880469e+01  -4.3153518e+01  -4.5270000e+01
   1.2500000e+02  -3.6551595e+01  -3.1590934e+01  -2.8548928e+01  -3.0209285e+01  -3.0169759e+01  -3.0164311e+01  -3.2940695e+01  -3.4763497e+01  -3.6176489e+01  -3.9290436e+01  -4.5422357e+01  -4.3051997e+01
   1.2600000e+02  -3.9226909e+01  -3.1574583e+01  -2.8503757e+01  -3.0429712e+01  -3.0606853e+01  -3.0652370e+01  -3.1938733e+01  -3.3332824e+01  -3.4376551e+01  -4.5052711e+01  -4.3310778e+01  -4.1118932e+01
   1.2700000e+02  -4.1475900e+01  -3.1716566e+01  -2.8605129e+01  -3.0732975e+01  -3.1146273e+01  -3.1258903e+01  -3.1222305e+01  -3.2272534e+01  -3.3018691e+01  -5.9128151e+01  -4.0673410e+01  -3.9459729e+01
   1.2800000e+02  -4.2667486e+01  -3.2068284e+01  -2.8877657e+01  -3.1137216e+01  -3.1802532e+01  -3.1998746e+01  -3.0823573e+01  -3.1635929e+01  -3.2157934e+01  -5.1571389e+01  -3.8995530e+01  -3.8136167e+01
   1.2900000e+02  -4.3058800e+01  -3.2679214e+01  -2.9343607e+01  -3.1669125e+01  -3.2600205e+01  -3.2895385e+01  -3.0660147e+01  -3.1342327e+01  -3.1733829e+01  -4.6111020e+01  -3.8224669e+01  -3.7192038e+01
   1.3000000e+02  -4.3400400e+01  -3.3595955e+01  -3.0026706e+01  -3.2363330e+01  -3.3578599e+01  -3.3988918e+01  -3.0642362e+01  -3.1263450e+01  -3.1597321e+01  -4.4345259e+01  -3.8382905e+01  -3.6703301e+01
   1.3100000e+02  -4.4023195e+01  -3.4856426e+01  -3.0959846e+01  -3.3259272e+01  -3.4794067e+01  -3.5347579e+01  -3.0721345e+01  -3.1318114e+01  -3.1632746e+01  -4.4690504e+01  -3.9641391e+01  -3.6676737e+01
   1.3200000e+02  -4.4696936e+01  -3.6466144e+01  -3.2194968e+01  -3.4396479e+01  -3.6317277e+01  -3.7080703e+01  -3.0885108e+01  -3.1472941e+01  -3.1782862e+01  -4.7426847e+01  -4.2087438e+01  -3.6876535e+01
   1.3300000e+02  -4.4746276e+01  -3.8319627e+01  -3.3812455e+01  -3.5809498e+01  -3.8221356e+01  -3.9354657e+01  -3.1154391e+01  -3.1733845e+01  -3.2038510e+01  -5.2512417e+01  -4.4323790e+01  -3.6907582e+01
   1.3400000e+02  -4.3807197e+01  -4.0019430e+01  -3.5926501e+01  -3.7522907e+01  -4.0544654e+01  -4.2419197e+01  -3.1581762e+01  -3.2145343e+01  -3.2437282e+01  -4.9717485e+01  -4.2846263e+01  -3.6668639e+01
   1.3500000e+02  -4.2404517e+01  -4.0845333e+01  -3.8667722e+01  -3.9540925e+01  -4.3160158e+01  -4.6598086e+01  -3.2249001e+01  -3.2788018e+01  -3.3060830e+01  -4.5276020e+01  -4.0261841e+01  -3.6446116e+01
   1.3600000e+02  -4.1159466e+01  -4.0559084e+01  -4.1993573e+01  -4.1807894e+01  -4.5403022e+01  -5.1153981e+01  -3.3259937e+01  -3.3767644e+01  -3.4022599e+01  -4.3089585e+01  -3.8738759e+01  -3.6468050e+01
   1.3700000e+02  -4.0353225e+01  -3.9815033e+01  -4.4627324e+01  -4.4087928e+01  -4.6041040e+01  -5.0391884e+01  -3.4726041e+01  -3.5189715e+01  -3.5440695e+01  -4.2317358e+01  -3.8195981e+01  -3.6728562e+01
   1.3800000e+02  -4.0081077e+01  -3.9235855e+01  -4.4049394e+01  -4.5794404e+01  -4.5124218e+01  -4.6954553e+01  -3.6728625e+01  -3.7089118e+01  -3.7361979e+01  -4.2486690e+01  -3.8460667e+01  -3.7315510e+01
   1.3900000e+02  -4.0389740e+01  -3.9080109e+01  -4.1937839e+01  -4.6337706e+01  -4.3904172e+01  -4.4531270e+01  -3.9193203e+01  -3.9220852e+01  -3.9518059e+01  -4.2994628e+01  -3.9824117e+01  -3.8570714e+01
   1.4000000e+02  -4.1315189e+01  -3.9443564e+01  -4.0284181e+01  -4.6071288e+01  -4.3079304e+01  -4.3129442e+01  -4.1554155e+01  -4.0750968e+01  -4.0944413e+01  -4.2573990e+01  -4.3037562e+01  -4.0838421e+01
   1.4100000e+02  -4.2810480e+01  -4.0424990e+01  -3.9435054e+01  -4.5921979e+01  -4.2903882e+01  -4.2626791e+01  -4.2732858e+01  -4.0973450e+01  -4.0901595e+01  -4.0946627e+01  -4.8368147e+01  -4.4147132e+01
   1.4200000e+02  -4.4347681e+01  -4.2252029e+01  -3.9451478e+01  -4.6649762e+01  -4.3567696e+01  -4.3023200e+01  -4.2736488e+01  -4.0591401e+01  -4.0291236e+01  -3.9619245e+01  -4.7293520e+01  -4.6470923e+01
   1.4300000e+02  -4.4347509e+01  -4.5522101e+01  -4.0431309e+01  -4.9163415e+01  -4.5441867e+01  -4.4445404e+01  -4.2671840e+01  -4.0546173e+01  -4.0096900e+01  -3.9435434e+01  -4.3068651e+01  -4.4203105e+01
   1.4400000e+02  -4.2354004e+01  -5.2298387e+01  -4.2466645e+01  -5.5793822e+01  -4.9551880e+01  -4.7359408e+01  -4.3020870e+01  -4.1205349e+01  -4.0679709e+01  -4.0264170e+01  -4.0102406e+01  -4.0479893e+01
   1.4500000e+02  -4.0022362e+01  -5.7222613e+01  -4.4976408e+01  -5.3575511e+01  -5.6876180e+01  -5.3286120e+01  -4.3302038e+01  -4.2445925e+01  -4.2058794e+01  -4.1782870e+01  -3.8027914e+01  -3.8033473e+01
   1.4600000e+02  -3.8230565e+01  -4.7167765e+01  -4.4886622e+01  -4.5785388e+01  -4.9574804e+01  -5.6466936e+01  -4.2532227e+01  -4.3277904e+01  -4.3534429e+01  -4.4153249e+01  -3.7441738e+01  -3.7373778e+01
   1.4700000e+02  -3.7137021e+01  -4.2842542e+01  -4.2026362e+01  -4.1794292e+01  -4.4174426e+01  -4.8670530e+01  -4.0925474e+01  -4.2495584e+01  -4.3343056e+01  -4.4970517e+01  -3.8372544e+01  -3.8523607e+01
   1.4800000e+02  -3.6748466e+01  -4.0567615e+01  -3.9456774e+01  -3.9583399e+01  -4.1383778e+01  -4.4781950e+01  -3.9517975e+01  -4.1014639e+01  -4.1761772e+01  -4.3616499e+01  -3.9893063e+01  -4.0754021e+01
   1.4900000e+02  -3.7072634e+01  -3.9424140e+01  -3.7831726e+01  -3.8474148e+01  -4.0023995e+01  -4.2927073e+01  -3.8707762e+01  -3.9983498e+01  -4.0481067e+01  -4.3795592e+01  -4.0949245e+01  -4.2476766e+01
   1.5000000e+02  -3.8154777e+01  -3.9074786e+01  -3.7174805e+01  -3.8222684e+01  -3.9676567e+01  -4.2356440e+01  -3.8387958e+01  -3.9523309e+01  -3.9869972e+01  -4.5453466e+01  -4.1192645e+01  -4.3952499e+01
   1.5100000e+02  -4.0073286e+01  -3.9398349e+01  -3.7546803e+01  -3.8833121e+01  -4.0259902e+01  -4.2857514e+01  -3.8404180e+01  -3.9441012e+01  -3.9714704e+01  -4.6075515e+01  -4.0617736e+01  -4.4109083e+01
   1.5200000e+02  -4.2617358e+01  -4.0285123e+01  -3.9085039e+01  -4.0477892e+01  -4.2004903e+01  -4.4736472e+01  -3.8787545e+01  -3.9716698e+01  -3.9930822e+01  -4.3323638e+01  -3.8987951e+01  -4.1634631e+01
   1.5300000e+02  -4.3541978e+01  -4.1313748e+01  -4.1960274e+01  -4.3135166e+01  -4.5129713e+01  -4.8783462e+01  -3.9720625e+01  -4.0552993e+01  -4.0712225e+01  -3.9736779e+01  -3.6893032e+01  -3.8282269e+01
   1.5400000e+02  -4.0982368e+01  -4.1548908e+01  -4.5316156e+01  -4.5008263e+01  -4.7174436e+01  -5.1232134e+01  -4.1493916e+01  -4.2251904e+01  -4.2371169e+01  -3.7546945e+01  -3.5502008e+01  -3.5826705e+01
   1.5500000e+02  -3.8350724e+01  -4.0587706e+01  -4.4147016e+01  -4.3485056e+01  -4.4441656e+01  -4.6005381e+01  -4.4479744e+01  -4.5065417e+01  -4.5135695e+01  -3.6989204e+01  -3.5062415e+01  -3.4851612e+01
   1.5600000e+02  -3.6536929e+01  -3.9253995e+01  -4.0500052e+01  -4.1097920e+01  -4.1459263e+01  -4.2239893e+01  -4.8705343e+01  -4.8295583e+01  -4.8260631e+01  -3.7747883e+01  -3.5198269e+01  -3.5016413e+01
   1.5700000e+02  -3.5645977e+01  -3.8353141e+01  -3.7985337e+01  -3.9539336e+01  -3.9657211e+01  -4.0152443e+01  -4.9314306e+01  -4.7537286e+01  -4.7285705e+01  -3.8898383e+01  -3.5879565e+01  -3.6412757e+01
   1.5800000e+02  -3.5849991e+01  -3.8345422e+01  -3.6847266e+01  -3.9148051e+01  -3.9057385e+01  -3.9322737e+01  -4.4863082e+01  -4.3741608e+01  -4.3405098e+01  -3.8847899e+01  -3.7082147e+01  -3.9404088e+01
   1.5900000e+02  -3.7377713e+01  -3.9678100e+01  -3.7097015e+01  -4.0254653e+01  -3.9851600e+01  -3.9791976e+01  -4.1850285e+01  -4.1222134e+01  -4.0898608e+01  -3.6875315e+01  -3.7246493e+01  -3.9661128e+01
   1.6000000e+02  -4.0278666e+01  -4.3146497e+01  -3.9002254e+01  -4.3643085e+01  -4.2471542e+01  -4.1756720e+01  -4.0945330e+01  -4.0675913e+01  -4.0407097e+01  -3.5314394e+01  -3.6418301e+01  -3.6879115e+01
   1.6100000e+02  -4.1000060e+01  -4.7115525e+01  -4.3797972e+01  -5.1971063e+01  -4.6947321e+01  -4.4830111e+01  -4.1832750e+01  -4.2019268e+01  -4.1880313e+01  -3.5540072e+01  -3.6472059e+01  -3.5753924e+01
   1.6200000e+02  -3.6663559e+01  -4.0880381e+01  -5.7430600e+01  -4.6653264e+01  -4.4670027e+01  -4.3613446e+01  -4.4284469e+01  -4.5141527e+01  -4.5185382e+01  -3.8293930e+01  -3.9111851e+01  -3.6924170e+01
   1.6300000e+02  -3.2784541e+01  -3.5623260e+01  -4.2089684e+01  -3.9346702e+01  -3.9020442e+01  -3.8920143e+01  -4.5416118e+01  -4.6243320e+01  -4.6321890e+01  -4.2092048e+01  -4.8507644e+01  -4.2635097e+01
   1.6400000e+02  -3.0114520e+01  -3.2267445e+01  -3.5908290e+01  -3.5253757e+01  -3.5315103e+01  -3.5486611e+01  -4.0502259e+01  -4.0544993e+01  -4.0581339e+01  -3.5731632e+01  -3.7671834e+01  -3.9653553e+01
   1.6500000e+02  -2.8320724e+01  -3.0017231e+01  -3.2441920e+01  -3.2651514e+01  -3.2910616e+01  -3.3240668e+01  -3.6165954e+01  -3.6088251e+01  -3.6078322e+01  -3.0569681e+01  -3.1216032e+01  -3.1918700e+01
   1.6600000e+02  -2.7162284e+01  -2.8509755e+01  -3.0319121e+01  -3.1017844e+01  -3.1378861e+01  -3.1788930e+01  -3.3431621e+01  -3.3365848e+01  -3.3325536e+01  -2.7610717e+01  -2.7857719e+01  -2.8063792e+01
   1.6700000e+02  -2.6485667e+01  -2.7580121e+01  -2.9042589e+01  -3.0084481e+01  -3.0486065e+01  -3.0905224e+01  -3.1769277e+01  -3.1758906e+01  -3.1714155e+01  -2.6011548e+01  -2.6056051e+01  -2.6080164e+01
   1.6800000e+02  -2.6204036e+01  -2.7149820e+01  -2.8375298e+01  -2.9684857e+01  -3.0095587e+01  -3.0485842e+01  -3.0742324e+01  -3.0802099e+01  -3.0780445e+01  -2.5451672e+01  -2.5388948e+01  -2.5398922e+01
   1.6900000e+02  -2.6301815e+01  -2.7179661e+01  -2.8224415e+01  -2.9788690e+01  -3.0182998e+01  -3.0511411e+01  -3.0194842e+01  -3.0340869e+01  -3.0371766e+01  -2.5803739e+01  -2.5672048e+01  -2.5808779e+01
   1.7000000e+02  -2.6817198e+01  -2.7657809e+01  -2.8553788e+01  -3.0401618e+01  -3.0756489e+01  -3.0991148e+01  -3.0174556e+01  -3.0419603e+01  -3.0518364e+01  -2.6960508e+01  -2.6747596e+01  -2.7258635e+01
   1.7100000e+02  -2.7809726e+01  -2.8603428e+01  -2.9316449e+01  -3.1477687e+01  -3.1784345e+01  -3.1917022e+01  -3.0791319e+01  -3.1152285e+01  -3.1331874e+01  -2.9027442e+01  -2.8753885e+01  -2.9979901e+01
   1.7200000e+02  -2.9339665e+01  -3.0066480e+01  -3.0445269e+01  -3.2960930e+01  -3.3248906e+01  -3.3313933e+01  -3.2123574e+01  -3.2617485e+01  -3.2891150e+01  -3.2385265e+01  -3.1998298e+01  -3.4463577e+01
   1.7300000e+02  -3.1449033e+01  -3.2118604e+01  -3.1907853e+01  -3.4890332e+01  -3.5244710e+01  -3.5306490e+01  -3.4171051e+01  -3.4801904e+01  -3.5170435e+01  -3.7102538e+01  -3.6229269e+01  -4.1468051e+01
   1.7400000e+02  -3.4108464e+01  -3.4848742e+01  -3.3733455e+01  -3.7367182e+01  -3.7946285e+01  -3.8095395e+01  -3.6939182e+01  -3.7690665e+01  -3.8118032e+01  -4.2854202e+01  -4.0971754e+01  -5.3780480e+01
   1.7500000e+02  -3.7036357e+01  -3.8316547e+01  -3.5899482e+01  -4.0200261e+01  -4.1318337e+01  -4.1825753e+01  -4.0607733e+01  -4.1432776e+01  -4.1778387e+01  -5.1814261e+01  -4.7367450e+01  -4.9035875e+01
   1.7600000e+02  -3.9343997e+01  -4.2150097e+01  -3.8126970e+01  -4.2473633e+01  -4.4466710e+01  -4.6092851e+01  -4.5392240e+01  -4.6137710e+01  -4.5949455e+01  -5.5332658e+01  -5.2050543e+01  -4.5851646e+01
   1.7700000e+02  -4.0165820e+01  -4.4575968e+01  -3.9967693e+01  -4.3651873e+01  -4.6091083e+01  -4.8842122e+01  -4.9831652e+01  -5.0472389e+01  -4.9334324e+01  -4.8692063e+01  -5.0135583e+01  -4.6206192e+01
   1.7800000e+02  -4.0336447e+01  -4.4931018e+01  -4.1444009e+01  -4.4718026e+01  -4.6960384e+01  -4.9218134e+01  -5.1074247e+01  -5.2679125e+01  -5.1722427e+01  -4.5458347e+01  -4.6678660e+01  -4.9752862e+01
   1.7900000e+02  -4.1160690e+01  -4.5444233e+01  -4.3065271e+01  -4.6692293e+01  -4.8577925e+01  -4.9668462e+01  -5.1551298e+01  -5.4422391e+01  -5.4546402e+01  -4.3009115e+01  -4.4022029e+01  -5.5173419e+01
   1.8000000e+02  -4.3404919e+01  -4.7200332e+01  -4.5134207e+01  -5.0443943e+01  -5.1953301e+01  -5.1478441e+01  -5.2423887e+01  -5.6032434e+01  -5.7294134e+01  -4.1297043e+01  -4.1497013e+01  -5.2283467e+01
