!	NAME	
!	LENTH	0
!	DATE	2017-08-24
!	FREQ	1770
!	COUNT	1963
!	GAIN	0
!	PLANE	V
!	MAIN	M
!	POLARIZE	-45
!	PORT	1
179.99	-63.43	-41.65
-179.90	-63.05	-41.65
-179.77	-63.05	-41.65
-179.64	-62.68	-41.65
-179.37	-62.68	-41.65
-179.13	-62.25	-41.64
-179.00	-61.78	-41.64
-178.76	-61.33	-41.63
-178.49	-61.09	-41.63
-178.25	-61.09	-41.62
-177.99	-60.86	-41.62
-177.77	-60.76	-41.62
-177.64	-60.77	-41.61
-177.40	-60.77	-41.61
-177.11	-60.77	-41.60
-177.02	-60.98	-41.60
-176.87	-61.21	-41.60
-176.61	-61.21	-41.60
-176.36	-61.73	-41.60
-176.23	-62.29	-41.60
-175.99	-62.29	-41.60
-175.73	-62.95	-41.60
-175.62	-63.84	-41.60
-175.35	-63.84	-41.62
-175.24	-64.90	-41.62
-174.98	-66.23	-41.62
-174.85	-66.23	-41.63
-174.61	-68.01	-41.63
-174.47	-69.91	-41.66
-174.23	-69.91	-41.69
-174.08	-70.70	-41.69
-173.86	-70.73	-41.73
-173.70	-70.73	-41.73
-173.48	-69.49	-41.73
-173.33	-67.72	-41.78
-173.09	-67.72	-41.78
-172.85	-66.25	-41.84
-172.72	-64.79	-41.84
-172.47	-63.56	-41.93
-172.34	-63.56	-41.93
-172.10	-62.50	-42.02
-171.95	-61.65	-42.02
-171.70	-61.65	-42.11
-171.46	-60.85	-42.11
-171.31	-60.28	-42.25
-171.07	-60.28	-42.25
-170.91	-59.86	-42.25
-170.67	-59.52	-42.40
-170.41	-59.25	-42.40
-170.14	-59.09	-42.55
-169.88	-59.09	-42.55
-169.75	-59.11	-42.55
-169.51	-59.17	-42.76
-169.38	-59.17	-42.76
-169.13	-59.29	-43.00
-169.00	-59.57	-43.00
-168.76	-59.88	-43.25
-168.52	-60.26	-43.25
-168.25	-60.26	-43.59
-168.01	-60.75	-43.59
-167.90	-61.36	-43.59
-167.62	-61.36	-44.00
-167.51	-62.04	-44.37
-167.27	-62.82	-44.37
-167.13	-62.82	-44.83
-166.89	-63.59	-44.83
-166.74	-64.54	-45.34
-166.52	-64.54	-45.34
-166.39	-65.42	-45.34
-166.15	-66.11	-45.86
-165.99	-66.11	-45.86
-165.75	-66.39	-46.48
-165.62	-66.29	-46.48
-165.35	-66.29	-47.21
-165.24	-65.92	-47.21
-165.00	-65.28	-48.01
-164.76	-64.52	-48.01
-164.50	-63.65	-48.01
-164.23	-63.65	-48.90
-164.12	-62.74	-48.90
-163.86	-61.99	-49.95
-163.75	-61.99	-49.95
-163.49	-61.27	-51.08
-163.38	-60.64	-51.08
-163.11	-60.64	-52.34
-163.00	-60.12	-52.34
-162.74	-59.70	-52.34
-162.61	-59.70	-53.73
-162.34	-59.36	-53.73
-162.23	-59.04	-54.97
-161.97	-59.04	-54.97
-161.84	-58.80	-55.82
-161.60	-58.65	-55.82
-161.44	-58.65	-56.02
-161.20	-58.56	-56.02
-161.07	-58.49	-55.47
-160.81	-58.48	-55.47
-160.56	-58.53	-54.35
-160.30	-58.53	-54.35
-160.19	-58.56	-54.35
-159.90	-58.58	-53.08
-159.79	-58.58	-53.08
-159.53	-58.66	-51.79
-159.40	-58.69	-51.79
-159.14	-58.69	-50.56
-159.00	-58.78	-50.56
-158.76	-58.83	-50.56
-158.63	-58.83	-49.44
-158.37	-58.91	-49.44
-158.23	-58.91	-48.47
-157.99	-58.91	-48.47
-157.86	-58.90	-47.71
-157.60	-58.90	-47.71
-157.47	-58.94	-47.03
-157.22	-59.01	-47.03
-157.09	-59.01	-47.03
-156.83	-59.08	-46.51
-156.70	-59.13	-46.51
-156.45	-59.13	-46.12
-156.35	-59.20	-46.12
-156.08	-59.24	-45.76
-155.97	-59.24	-45.76
-155.71	-59.31	-45.49
-155.60	-59.45	-45.49
-155.33	-59.59	-45.49
-155.22	-59.59	-45.30
-154.96	-59.75	-45.30
-154.83	-59.75	-45.20
-154.59	-60.00	-45.20
-154.46	-60.27	-45.16
-154.21	-60.27	-45.18
-154.06	-60.54	-45.18
-153.82	-60.88	-45.18
-153.69	-60.88	-45.25
-153.44	-61.27	-45.25
-153.31	-61.68	-45.41
-153.07	-61.68	-45.41
-152.94	-62.16	-45.63
-152.70	-62.68	-45.63
-152.57	-62.68	-45.90
-152.30	-63.26	-45.90
-152.17	-63.99	-45.90
-151.93	-63.99	-46.27
-151.80	-64.72	-46.27
-151.55	-65.47	-46.75
-151.44	-65.47	-46.75
-151.18	-66.28	-47.22
-151.07	-67.11	-47.22
-150.81	-67.11	-47.80
-150.70	-68.07	-47.80
-150.41	-69.03	-48.42
-150.30	-70.32	-48.42
-149.93	-71.99	-49.10
-149.80	-71.99	-49.10
-149.53	-73.86	-49.10
-149.40	-76.11	-49.95
-149.16	-76.11	-49.95
-149.03	-77.79	-50.88
-148.76	-78.01	-50.88
-148.63	-78.01	-51.89
-148.39	-76.34	-51.89
-148.26	-74.36	-53.01
-147.99	-74.36	-53.01
-147.86	-72.19	-53.01
-147.60	-70.36	-54.15
-147.49	-70.36	-54.15
-147.23	-68.85	-55.16
-147.09	-67.59	-55.16
-146.85	-67.59	-56.07
-146.70	-66.30	-56.07
-146.46	-65.30	-56.54
-146.32	-65.30	-56.54
-146.08	-64.52	-56.42
-145.95	-63.85	-56.42
-145.69	-63.85	-55.67
-145.58	-63.36	-55.67
-145.31	-63.36	-55.67
-145.18	-62.92	-54.64
-144.94	-62.51	-54.64
-144.79	-62.51	-53.48
-144.54	-62.16	-53.48
-144.44	-61.92	-52.38
-144.17	-61.92	-52.38
-144.04	-61.71	-51.40
-143.78	-61.53	-51.40
-143.67	-61.47	-51.40
-143.38	-61.47	-50.43
-143.27	-61.49	-50.43
-143.01	-61.49	-49.62
-142.87	-61.55	-49.62
-142.63	-61.68	-48.87
-142.50	-61.68	-48.87
-142.26	-61.88	-48.21
-142.13	-62.09	-48.21
-141.89	-62.09	-48.21
-141.75	-62.36	-47.61
-141.49	-62.65	-47.61
-141.36	-62.65	-47.08
-141.12	-63.04	-47.08
-140.99	-63.50	-46.61
-140.74	-63.50	-46.61
-140.61	-64.09	-46.17
-140.37	-64.61	-46.17
-140.24	-64.61	-45.76
-140.00	-65.16	-45.76
-139.86	-66.01	-45.76
-139.62	-66.01	-45.38
-139.49	-66.85	-45.04
-139.23	-67.64	-45.04
-139.12	-67.64	-44.72
-138.85	-68.56	-44.72
-138.72	-69.53	-44.72
-138.46	-70.46	-44.43
-138.22	-71.30	-44.43
-137.95	-71.30	-44.16
-137.84	-72.05	-44.16
-137.58	-72.21	-43.94
-137.45	-72.21	-43.94
-137.21	-71.78	-43.73
-137.07	-71.19	-43.73
-136.83	-71.19	-43.54
-136.70	-70.18	-43.54
-136.44	-69.20	-43.54
-136.33	-69.20	-43.38
-136.06	-68.23	-43.38
-135.95	-67.13	-43.23
-135.69	-67.13	-43.23
-135.56	-66.21	-43.11
-135.29	-65.33	-43.11
-135.18	-65.33	-43.01
-134.92	-64.52	-43.01
-134.81	-63.79	-43.01
-134.55	-63.79	-42.90
-134.41	-63.15	-42.90
-134.17	-62.50	-42.83
-134.02	-62.50	-42.83
-133.78	-61.92	-42.75
-133.51	-61.45	-42.75
-133.25	-60.93	-42.67
-133.01	-60.49	-42.67
-132.90	-60.49	-42.67
-132.64	-60.13	-42.64
-132.39	-59.83	-42.64
-132.13	-59.55	-42.60
-131.89	-59.26	-42.60
-131.76	-59.26	-42.57
-131.49	-59.07	-42.57
-131.38	-58.96	-42.57
-131.12	-58.96	-42.57
-131.01	-58.81	-42.58
-130.75	-58.73	-42.58
-130.61	-58.73	-42.59
-130.35	-58.70	-42.59
-130.24	-58.70	-42.61
-129.98	-58.74	-42.61
-129.84	-58.75	-42.64
-129.60	-58.82	-42.64
-129.47	-58.82	-42.64
-129.21	-58.94	-42.67
-129.08	-58.94	-42.71
-128.83	-59.13	-42.71
-128.70	-59.38	-42.71
-128.46	-59.38	-42.76
-128.33	-59.60	-42.81
-128.09	-59.98	-42.81
-127.84	-60.34	-42.87
-127.58	-60.69	-42.87
-127.34	-60.69	-42.94
-127.21	-61.14	-42.94
-126.94	-61.67	-43.00
-126.70	-62.24	-43.00
-126.44	-62.92	-43.08
-126.31	-62.92	-43.08
-126.06	-63.63	-43.17
-125.93	-64.48	-43.17
-125.67	-64.48	-43.27
-125.54	-65.50	-43.27
-125.30	-66.54	-43.27
-125.14	-66.54	-43.38
-124.88	-67.74	-43.48
-124.75	-69.17	-43.48
-124.50	-69.17	-43.60
-124.37	-70.80	-43.60
-124.13	-72.77	-43.69
-124.00	-72.77	-43.69
-123.74	-75.12	-43.81
-123.63	-78.33	-43.81
-123.36	-78.33	-43.93
-123.25	-82.28	-43.93
-122.99	-82.29	-44.04
-122.72	-78.99	-44.04
-122.48	-75.93	-44.15
-122.24	-75.93	-44.15
-122.11	-73.76	-44.27
-121.87	-71.87	-44.27
-121.71	-71.87	-44.39
-121.47	-70.60	-44.39
-121.34	-69.24	-44.51
-121.10	-69.24	-44.51
-120.94	-68.18	-44.63
-120.70	-67.38	-44.63
-120.57	-67.38	-44.75
-120.31	-66.48	-44.75
-120.18	-65.92	-44.86
-119.93	-65.92	-44.86
-119.80	-65.41	-44.86
-119.54	-64.83	-44.99
-119.43	-64.83	-44.99
-119.17	-64.54	-45.13
-118.92	-64.19	-45.13
-118.68	-63.87	-45.26
-118.42	-63.54	-45.26
-118.31	-63.54	-45.39
-118.04	-63.24	-45.39
-117.91	-63.05	-45.51
-117.67	-63.05	-45.51
-117.54	-62.78	-45.62
-117.28	-62.58	-45.62
-117.01	-62.58	-45.75
-116.90	-62.46	-45.75
-116.64	-62.42	-45.86
-116.37	-62.46	-45.86
-116.13	-62.52	-46.00
-116.00	-62.52	-46.00
-115.74	-62.53	-46.14
-115.61	-62.56	-46.14
-115.36	-62.56	-46.27
-115.23	-62.61	-46.27
-114.97	-62.68	-46.41
-114.86	-62.68	-46.41
-114.59	-62.79	-46.55
-114.35	-62.94	-46.67
-114.22	-63.08	-46.67
-113.96	-63.08	-46.78
-113.72	-63.24	-46.78
-113.45	-63.46	-46.89
-113.19	-63.70	-46.89
-112.95	-64.06	-47.01
-112.81	-64.06	-47.01
-112.55	-64.36	-47.13
-112.42	-64.60	-47.13
-112.18	-64.60	-47.26
-112.05	-64.97	-47.26
-111.78	-65.34	-47.38
-111.67	-65.34	-47.38
-111.41	-65.75	-47.52
-111.14	-66.15	-47.52
-110.90	-66.59	-47.64
-110.66	-67.03	-47.64
-110.53	-67.03	-47.77
-110.29	-67.51	-47.77
-110.02	-67.95	-47.89
-109.76	-68.42	-47.89
-109.52	-68.82	-48.01
-109.39	-68.82	-48.01
-109.14	-69.29	-48.11
-109.01	-69.74	-48.11
-108.77	-69.74	-48.21
-108.62	-70.15	-48.21
-108.38	-70.44	-48.32
-108.24	-70.44	-48.32
-108.00	-70.53	-48.44
-107.74	-70.71	-48.44
-107.50	-70.64	-48.56
-107.21	-70.39	-48.56
-107.10	-70.39	-48.66
-106.84	-69.97	-48.66
-106.57	-69.62	-48.77
-106.33	-68.99	-48.77
-106.09	-68.50	-48.88
-105.83	-68.50	-48.88
-105.69	-67.95	-48.97
-105.45	-67.41	-48.97
-105.19	-66.83	-49.07
-104.97	-66.22	-49.07
-104.84	-66.22	-49.16
-104.60	-65.68	-49.16
-104.44	-65.08	-49.26
-104.20	-65.08	-49.26
-103.96	-64.45	-49.34
-103.83	-63.95	-49.34
-103.56	-63.43	-49.42
-103.30	-62.95	-49.42
-103.04	-62.95	-49.51
-102.93	-62.50	-49.51
-102.66	-62.03	-49.59
-102.53	-62.03	-49.59
-102.27	-61.56	-49.67
-102.00	-61.10	-49.67
-101.76	-60.69	-49.73
-101.63	-60.69	-49.73
-101.39	-60.28	-49.81
-101.12	-59.91	-49.81
-100.86	-59.55	-49.87
-100.62	-59.20	-49.87
-100.49	-59.20	-49.96
-100.22	-58.91	-49.96
-99.98	-58.58	-50.02
-99.74	-58.26	-50.02
-99.45	-57.99	-50.11
-99.21	-57.72	-50.11
-98.97	-57.46	-50.18
-98.71	-57.46	-50.18
-98.58	-57.23	-50.26
-98.33	-57.00	-50.26
-98.07	-56.77	-50.34
-97.81	-56.77	-50.34
-97.56	-56.36	-50.39
-97.19	-56.17	-50.39
-97.06	-56.17	-50.43
-96.80	-56.00	-50.43
-96.66	-55.87	-50.51
-96.42	-55.87	-50.51
-96.18	-55.73	-50.58
-95.92	-55.59	-50.58
-95.67	-55.48	-50.63
-95.41	-55.36	-50.63
-95.17	-55.29	-50.68
-94.91	-55.19	-50.68
-94.64	-55.19	-50.72
-94.40	-55.13	-50.72
-94.16	-55.06	-50.79
-93.89	-54.98	-50.79
-93.65	-54.93	-50.87
-93.39	-54.90	-50.87
-93.13	-54.88	-50.87
-92.88	-54.86	-50.97
-92.64	-54.84	-50.97
-92.38	-54.84	-51.04
-92.14	-54.85	-51.04
-91.87	-54.86	-51.12
-91.63	-54.87	-51.12
-91.37	-54.90	-51.20
-91.13	-54.94	-51.20
-90.86	-54.99	-51.28
-90.62	-55.02	-51.28
-90.36	-55.09	-51.35
-90.09	-55.09	-51.35
-89.85	-55.16	-51.44
-89.59	-55.22	-51.44
-89.32	-55.31	-51.52
-89.06	-55.41	-51.52
-88.80	-55.49	-51.62
-88.56	-55.60	-51.62
-88.29	-55.72	-51.72
-88.05	-55.84	-51.72
-87.79	-55.95	-51.80
-87.52	-56.06	-51.80
-87.28	-56.06	-51.93
-87.04	-56.18	-51.93
-86.78	-56.32	-52.00
-86.53	-56.44	-52.13
-86.27	-56.59	-52.13
-86.03	-56.75	-52.22
-85.76	-56.91	-52.33
-85.50	-57.05	-52.33
-85.26	-57.22	-52.33
-84.89	-57.22	-52.37
-84.75	-57.40	-52.37
-84.49	-57.56	-52.49
-84.25	-57.75	-52.49
-83.96	-57.92	-52.65
-83.72	-58.08	-52.65
-83.48	-58.21	-52.77
-83.22	-58.36	-52.77
-82.97	-58.36	-52.92
-82.58	-58.68	-52.92
-82.34	-58.68	-53.04
-82.09	-58.80	-53.04
-81.83	-58.97	-53.14
-81.59	-59.16	-53.26
-81.33	-59.25	-53.26
-81.08	-59.39	-53.41
-80.82	-59.55	-53.41
-80.56	-59.65	-53.54
-80.31	-59.71	-53.54
-80.07	-59.85	-53.67
-79.79	-59.95	-53.67
-79.55	-59.95	-53.79
-79.17	-59.97	-53.79
-79.04	-60.06	-53.91
-78.78	-60.13	-53.91
-78.54	-60.17	-54.04
-78.27	-60.24	-54.04
-78.01	-60.24	-54.18
-77.77	-60.25	-54.18
-77.50	-60.22	-54.32
-77.26	-60.22	-54.32
-76.73	-60.30	-54.45
-76.60	-60.31	-54.45
-76.23	-60.30	-54.61
-75.99	-60.24	-54.61
-75.72	-60.27	-54.73
-75.33	-60.28	-54.73
-75.09	-60.26	-54.87
-74.82	-60.25	-54.87
-74.58	-60.28	-55.04
-74.34	-60.28	-55.04
-74.07	-60.30	-55.21
-73.70	-60.28	-55.21
-73.33	-60.31	-55.38
-73.06	-60.38	-55.38
-72.80	-60.45	-55.52
-72.56	-60.52	-55.52
-72.32	-60.62	-55.68
-71.94	-60.76	-55.84
-71.68	-60.85	-55.84
-71.42	-61.01	-56.02
-71.15	-61.21	-56.02
-70.91	-61.47	-56.14
-70.65	-61.74	-56.14
-70.38	-61.74	-56.29
-70.16	-62.06	-56.29
-69.88	-62.37	-56.43
-69.53	-62.72	-56.43
-69.39	-63.10	-56.56
-69.15	-63.45	-56.71
-68.89	-63.77	-56.71
-68.51	-64.05	-56.84
-68.27	-64.21	-56.84
-68.03	-64.29	-57.00
-67.64	-64.14	-57.00
-67.39	-63.82	-57.21
-67.11	-63.40	-57.21
-66.87	-62.82	-57.38
-66.63	-62.04	-57.38
-66.21	-61.25	-57.51
-65.97	-60.43	-57.51
-65.68	-59.58	-57.75
-65.44	-58.79	-57.89
-65.06	-58.01	-57.89
-64.80	-57.27	-58.06
-64.56	-56.53	-58.06
-64.30	-55.87	-58.27
-63.92	-55.22	-58.27
-63.66	-54.60	-58.43
-63.42	-54.02	-58.43
-63.18	-53.46	-58.64
-62.80	-52.95	-58.64
-62.54	-52.46	-58.85
-62.27	-51.98	-58.85
-62.01	-51.98	-59.05
-61.64	-51.12	-59.05
-61.37	-50.72	-59.20
-61.13	-50.35	-59.20
-60.89	-50.35	-59.35
-60.63	-50.01	-59.35
-60.25	-49.70	-59.58
-59.99	-49.39	-59.58
-59.73	-49.12	-59.85
-59.64	-48.86	-59.85
-59.24	-48.62	-60.10
-58.98	-48.39	-60.10
-58.74	-48.18	-60.36
-58.47	-48.00	-60.36
-58.23	-47.84	-60.58
-57.97	-47.68	-60.58
-57.73	-47.54	-60.77
-57.33	-47.42	-60.77
-57.07	-47.32	-61.04
-56.85	-47.22	-61.04
-56.58	-47.16	-61.21
-56.21	-47.11	-61.21
-55.95	-47.08	-61.56
-55.70	-47.08	-61.56
-55.33	-47.10	-61.76
-55.07	-47.14	-61.76
-54.80	-47.14	-61.94
-54.56	-47.21	-61.94
-54.30	-47.31	-62.20
-54.03	-47.42	-62.20
-53.77	-47.58	-62.57
-53.51	-47.78	-62.57
-53.26	-48.01	-62.71
-53.00	-48.28	-62.71
-52.74	-48.62	-62.98
-52.47	-49.00	-62.98
-52.10	-49.45	-63.23
-51.86	-49.96	-63.23
-51.59	-50.53	-63.32
-51.35	-51.21	-63.32
-50.98	-52.00	-63.55
-50.72	-52.90	-63.55
-50.47	-53.97	-63.74
-50.21	-53.97	-63.74
-49.97	-56.78	-63.82
-49.60	-58.60	-63.93
-49.33	-60.93	-63.93
-49.09	-63.73	-64.05
-48.72	-66.27	-64.05
-48.45	-66.11	-64.28
-48.19	-63.38	-64.28
-47.93	-60.59	-64.47
-47.55	-58.37	-64.47
-47.31	-56.56	-64.47
-46.94	-55.14	-64.47
-46.67	-53.93	-64.43
-46.41	-52.94	-64.43
-46.17	-52.12	-64.40
-45.93	-51.42	-64.40
-45.66	-50.86	-64.33
-45.29	-50.39	-64.33
-45.05	-50.01	-64.29
-44.80	-49.73	-64.29
-44.54	-49.54	-64.14
-44.17	-49.43	-64.14
-43.88	-49.41	-64.00
-43.64	-49.46	-64.00
-43.38	-49.60	-63.98
-42.98	-49.83	-63.98
-42.76	-50.18	-63.99
-42.50	-50.58	-63.99
-42.10	-51.12	-63.92
-41.86	-51.79	-63.92
-41.60	-52.58	-63.77
-41.36	-53.61	-63.70
-40.98	-54.78	-63.70
-40.70	-56.26	-63.70
-40.45	-57.96	-63.53
-40.19	-59.72	-63.53
-39.82	-61.07	-63.37
-39.55	-60.93	-63.37
-39.29	-59.33	-63.15
-39.05	-57.25	-63.15
-38.65	-55.28	-63.00
-38.41	-53.49	-63.00
-38.17	-52.04	-62.93
-37.91	-50.82	-62.93
-37.53	-49.70	-62.78
-37.27	-48.79	-62.78
-36.89	-47.98	-62.64
-36.65	-47.29	-62.64
-36.41	-46.70	-62.44
-36.15	-46.20	-62.44
-35.91	-45.79	-62.32
-35.51	-45.46	-62.32
-35.27	-45.21	-62.18
-35.03	-45.04	-62.18
-34.74	-44.96	-62.06
-34.50	-44.94	-62.06
-34.10	-45.02	-61.95
-33.86	-45.17	-61.95
-33.62	-45.42	-61.80
-33.36	-45.75	-61.80
-32.98	-46.18	-61.73
-32.74	-46.71	-61.73
-32.50	-47.32	-61.67
-32.24	-48.02	-61.67
-31.88	-48.76	-61.60
-31.62	-49.48	-61.60
-31.36	-50.04	-61.56
-31.12	-50.24	-61.56
-30.74	-49.98	-61.57
-30.48	-49.28	-61.57
-30.19	-48.24	-61.51
-29.82	-47.05	-61.51
-29.55	-45.86	-61.40
-29.31	-44.72	-61.40
-29.05	-43.70	-61.35
-28.79	-42.75	-61.35
-28.54	-41.88	-61.26
-28.30	-41.88	-61.26
-28.04	-41.12	-61.19
-27.78	-40.42	-61.19
-27.53	-39.80	-61.07
-27.29	-39.26	-61.07
-27.03	-38.78	-61.07
-26.79	-38.37	-61.07
-26.41	-38.01	-61.03
-26.15	-37.71	-61.09
-25.91	-37.47	-61.09
-25.62	-37.28	-61.07
-25.38	-37.14	-61.07
-25.01	-37.06	-61.06
-24.76	-37.02	-61.06
-24.50	-37.04	-61.13
-24.13	-37.11	-61.13
-23.86	-37.23	-61.14
-23.62	-37.41	-61.04
-23.38	-37.64	-61.04
-23.01	-37.92	-61.13
-22.74	-38.26	-61.13
-22.48	-38.66	-61.12
-22.24	-39.12	-61.12
-21.86	-39.64	-61.17
-21.62	-40.23	-61.17
-21.36	-40.90	-61.28
-21.10	-41.63	-61.28
-20.70	-42.46	-61.26
-20.46	-43.33	-61.26
-20.24	-44.25	-61.34
-19.95	-45.18	-61.34
-19.60	-46.11	-61.49
-19.34	-46.99	-61.49
-19.07	-47.73	-61.61
-18.85	-48.27	-61.61
-18.46	-48.56	-61.73
-18.19	-48.62	-61.73
-17.95	-48.49	-61.77
-17.69	-48.49	-61.77
-17.45	-48.28	-61.90
-17.18	-48.03	-61.90
-16.92	-47.80	-62.09
-16.68	-47.64	-62.09
-16.41	-47.56	-62.28
-16.15	-47.58	-62.28
-15.91	-47.72	-62.52
-15.67	-47.96	-62.52
-15.40	-48.30	-62.86
-15.03	-48.76	-62.86
-14.77	-49.33	-63.12
-14.52	-50.00	-63.12
-14.15	-50.73	-63.50
-13.91	-51.51	-63.89
-13.65	-52.22	-63.89
-13.40	-52.74	-64.35
-13.03	-52.94	-64.35
-12.77	-52.77	-64.77
-12.53	-52.26	-64.77
-12.24	-51.54	-65.30
-12.00	-50.72	-65.30
-11.62	-49.95	-66.02
-11.36	-49.25	-66.02
-11.01	-48.64	-66.74
-10.75	-48.15	-66.74
-10.48	-47.79	-67.53
-10.24	-47.54	-67.53
-10.00	-47.39	-68.45
-9.76	-47.39	-68.45
-9.49	-47.35	-69.41
-9.23	-47.43	-69.41
-9.01	-47.64	-70.34
-8.75	-47.97	-70.34
-8.48	-48.44	-71.63
-8.24	-49.05	-71.63
-7.98	-49.85	-73.18
-7.73	-50.87	-73.18
-7.34	-52.17	-74.87
-7.10	-53.83	-74.87
-6.86	-55.95	-76.90
-6.59	-58.86	-76.90
-6.22	-63.40	-78.86
-5.95	-72.72	-78.86
-5.71	-71.90	-80.09
-5.34	-63.40	-80.09
-5.08	-59.30	-79.74
-4.83	-56.69	-79.74
-4.57	-54.87	-78.34
-4.31	-54.87	-78.34
-4.09	-53.54	-76.44
-3.80	-52.57	-76.44
-3.56	-51.90	-74.96
-3.30	-51.43	-74.96
-3.03	-51.19	-73.43
-2.77	-51.15	-73.43
-2.53	-51.27	-72.05
-2.29	-51.56	-72.05
-1.91	-52.02	-70.81
-1.65	-52.67	-70.81
-1.41	-53.48	-69.64
-1.01	-54.51	-69.64
-0.77	-55.75	-68.92
-0.55	-57.29	-68.92
-0.26	-59.05	-68.55
-0.02	-60.91	-68.55
0.35	-62.79	-67.75
0.62	-64.39	-67.75
0.86	-65.00	-67.02
1.25	-64.63	-67.02
1.49	-63.52	-66.44
1.78	-61.58	-66.44
2.04	-59.02	-65.90
2.24	-56.35	-65.90
2.61	-53.97	-65.24
2.90	-51.30	-65.24
3.14	-48.97	-64.82
3.49	-46.91	-64.82
3.76	-44.90	-64.35
4.00	-43.06	-64.01
4.24	-41.44	-64.01
4.50	-39.87	-63.66
4.75	-38.44	-63.66
5.12	-37.13	-63.35
5.38	-35.86	-63.04
5.76	-34.74	-63.04
6.04	-33.62	-63.04
6.31	-32.59	-62.75
6.55	-31.64	-62.75
6.88	-30.80	-62.35
7.14	-30.08	-62.35
7.43	-29.29	-62.08
7.65	-28.61	-62.08
7.89	-28.61	-61.80
8.17	-28.01	-61.80
8.42	-27.41	-61.44
8.66	-26.87	-61.44
8.90	-26.40	-61.17
9.16	-25.93	-61.17
9.40	-25.52	-60.91
9.67	-25.14	-60.62
9.93	-24.80	-60.62
10.31	-24.51	-60.62
10.61	-24.24	-60.26
10.88	-24.01	-60.26
11.12	-23.82	-59.96
11.45	-23.68	-59.96
11.71	-23.58	-59.65
12.00	-23.50	-59.65
12.24	-23.47	-59.28
12.59	-23.47	-59.28
12.81	-23.50	-58.98
13.07	-23.56	-58.98
13.32	-23.66	-58.62
13.58	-23.80	-58.62
13.95	-23.98	-58.33
14.20	-24.19	-58.33
14.46	-24.45	-57.97
14.83	-24.75	-57.97
15.12	-25.10	-57.68
15.40	-25.52	-57.68
15.60	-25.98	-57.41
15.82	-26.41	-57.41
16.08	-26.93	-57.09
16.35	-26.93	-57.09
16.61	-27.55	-56.81
16.83	-28.18	-56.81
17.21	-28.85	-56.56
17.47	-29.63	-56.56
17.69	-30.47	-56.28
17.97	-31.35	-56.28
18.22	-32.42	-56.09
18.46	-33.54	-56.09
18.72	-34.80	-55.87
19.10	-36.27	-55.87
19.38	-37.90	-55.63
19.80	-39.93	-55.63
20.04	-42.48	-55.49
20.26	-45.40	-55.49
20.50	-49.00	-55.41
20.79	-55.41	-55.41
21.05	-69.22	-55.32
21.42	-56.10	-55.32
21.67	-51.03	-55.20
21.91	-48.26	-55.20
22.15	-46.52	-55.15
22.41	-45.39	-55.15
22.77	-44.57	-55.10
23.03	-44.06	-55.10
23.42	-43.79	-55.10
23.67	-43.74	-55.16
24.06	-43.88	-55.16
24.37	-44.24	-55.16
24.68	-44.83	-55.23
24.92	-46.31	-55.30
25.36	-47.47	-55.30
25.60	-48.92	-55.30
25.95	-50.42	-55.40
26.17	-51.91	-55.40
26.59	-53.05	-55.57
26.79	-53.05	-55.57
27.14	-52.01	-55.75
27.38	-50.59	-55.75
27.71	-47.76	-55.89
27.93	-46.56	-55.89
28.19	-45.48	-56.08
28.52	-44.64	-56.08
28.85	-43.96	-56.32
29.03	-43.38	-56.32
29.12	-42.94	-56.53
29.49	-42.60	-56.53
29.80	-42.30	-56.83
30.10	-41.65	-56.83
30.13	-41.65	-57.15
30.15	-41.65	-57.15
30.17	-41.65	-57.44
30.19	-41.65	-57.44
30.21	-41.64	-57.76
30.24	-41.64	-57.76
30.26	-41.63	-58.08
30.28	-41.63	-58.08
30.30	-41.62	-58.45
30.32	-41.62	-58.45
30.35	-41.62	-58.81
30.37	-41.61	-58.81
30.39	-41.61	-59.23
30.41	-41.60	-59.23
30.46	-41.60	-59.63
30.48	-41.60	-59.63
30.52	-41.60	-60.09
30.54	-41.60	-60.09
30.59	-41.60	-60.60
30.61	-41.60	-61.14
30.65	-41.60	-61.14
30.68	-41.60	-61.66
30.72	-41.62	-61.66
30.74	-41.62	-62.23
30.76	-41.62	-62.23
30.83	-41.63	-62.81
30.85	-41.63	-62.81
30.90	-41.66	-63.40
30.94	-41.69	-63.40
31.01	-41.69	-64.03
31.03	-41.73	-64.03
31.05	-41.73	-64.85
31.09	-41.73	-64.85
31.14	-41.78	-65.60
31.20	-41.78	-65.60
31.27	-41.84	-66.21
31.33	-41.84	-66.21
31.38	-41.93	-66.80
31.42	-41.93	-66.80
31.47	-42.02	-67.36
31.51	-42.02	-67.36
31.58	-42.11	-67.92
31.62	-42.11	-67.92
31.69	-42.25	-68.29
31.75	-42.25	-68.29
31.80	-42.25	-68.50
31.86	-42.40	-68.50
31.93	-42.40	-68.45
31.99	-42.55	-68.45
32.06	-42.55	-68.38
32.13	-42.55	-68.38
32.19	-42.76	-68.18
32.26	-42.76	-68.18
32.32	-43.00	-68.07
32.39	-43.00	-68.07
32.46	-43.25	-67.95
32.54	-43.25	-67.58
32.65	-43.59	-67.58
32.74	-43.59	-67.14
32.81	-43.59	-66.78
32.87	-44.00	-66.78
32.94	-44.37	-66.32
33.00	-44.37	-66.32
33.11	-44.83	-65.89
33.27	-44.83	-65.89
33.33	-45.34	-65.41
33.42	-45.34	-65.41
33.49	-45.34	-65.07
33.55	-45.86	-65.07
33.66	-45.86	-64.64
33.75	-46.48	-64.64
33.84	-46.48	-64.36
33.91	-47.21	-64.36
34.02	-47.21	-64.09
34.10	-48.01	-63.76
34.19	-48.01	-63.76
34.26	-48.01	-63.50
34.37	-48.90	-63.50
34.46	-48.90	-63.18
34.54	-49.95	-63.18
34.63	-49.95	-62.86
34.74	-51.08	-62.86
34.85	-51.08	-62.65
34.94	-52.34	-62.65
35.03	-52.34	-62.39
35.14	-52.34	-62.39
35.22	-53.73	-62.16
35.31	-53.73	-62.16
35.42	-54.97	-61.81
35.51	-54.97	-61.81
35.60	-55.82	-61.51
35.71	-55.82	-61.51
35.80	-56.02	-61.26
35.91	-56.02	-61.26
36.02	-55.47	-60.93
36.13	-55.47	-60.62
36.26	-54.35	-60.62
36.35	-54.35	-60.62
36.45	-54.35	-60.24
36.59	-53.08	-60.24
36.67	-53.08	-59.97
36.81	-51.79	-59.68
36.94	-51.79	-59.68
37.05	-50.56	-59.34
37.18	-50.56	-59.34
37.31	-50.56	-59.03
37.44	-49.44	-59.03
37.58	-49.44	-58.75
37.71	-48.47	-58.75
37.82	-48.47	-58.47
37.93	-47.71	-58.47
38.06	-47.71	-58.19
38.17	-47.03	-58.19
38.30	-47.03	-58.03
38.41	-47.03	-57.85
38.52	-46.51	-57.85
38.63	-46.51	-57.85
38.76	-46.12	-57.70
38.87	-46.12	-57.70
39.05	-45.76	-57.57
39.18	-45.76	-57.57
39.31	-45.49	-57.48
39.42	-45.49	-57.48
39.51	-45.49	-57.45
39.64	-45.30	-57.45
39.79	-45.30	-57.50
39.90	-45.20	-57.50
40.04	-45.20	-57.59
40.26	-45.16	-57.59
40.37	-45.18	-57.70
40.50	-45.18	-57.83
40.61	-45.18	-57.83
40.74	-45.25	-58.02
40.87	-45.25	-58.02
41.03	-45.41	-58.02
41.16	-45.41	-58.27
41.27	-45.63	-58.27
41.38	-45.63	-58.57
41.51	-45.90	-58.57
41.62	-45.90	-58.87
41.79	-45.90	-58.87
41.93	-46.27	-59.25
42.06	-46.27	-59.25
42.19	-46.75	-59.68
42.30	-46.75	-59.68
42.41	-47.22	-60.16
42.54	-47.22	-60.16
42.67	-47.80	-60.67
42.92	-47.80	-61.22
43.03	-48.42	-61.22
43.16	-48.42	-61.80
43.31	-49.10	-62.48
43.42	-49.10	-62.48
43.55	-49.10	-63.10
43.68	-49.95	-63.10
43.79	-49.95	-63.84
43.93	-50.88	-63.84
44.06	-50.88	-64.52
44.19	-51.89	-64.52
44.32	-51.89	-65.14
44.41	-53.01	-65.14
44.54	-53.01	-65.59
44.67	-53.01	-65.85
44.76	-54.15	-65.85
44.91	-54.15	-65.67
45.02	-55.16	-65.67
45.13	-55.16	-65.23
45.29	-56.07	-65.23
45.42	-56.07	-64.50
45.53	-56.54	-63.64
45.68	-56.54	-63.64
45.82	-56.42	-62.75
45.95	-56.42	-61.86
46.08	-55.67	-61.86
46.21	-55.67	-61.03
46.34	-55.67	-60.24
46.48	-54.64	-60.24
46.58	-54.64	-59.55
46.72	-53.48	-59.55
46.85	-53.48	-58.91
46.96	-52.38	-58.39
47.09	-52.38	-58.39
47.20	-51.40	-58.04
47.33	-51.40	-57.68
47.46	-51.40	-57.68
47.60	-50.43	-57.38
47.73	-50.43	-57.38
47.84	-49.62	-57.20
47.95	-49.62	-57.04
48.08	-48.87	-57.04
48.23	-48.87	-56.96
48.34	-48.21	-56.91
48.45	-48.21	-56.91
48.58	-48.21	-56.99
48.69	-47.61	-57.14
48.83	-47.61	-57.14
48.96	-47.08	-57.35
49.09	-47.08	-57.35
49.20	-46.61	-57.60
49.31	-46.61	-57.90
49.57	-46.17	-57.90
49.68	-46.17	-58.31
49.82	-45.76	-58.82
49.95	-45.76	-58.82
50.06	-45.76	-59.38
50.19	-45.38	-59.90
50.32	-45.04	-59.90
50.43	-45.04	-60.52
50.58	-44.72	-61.18
50.69	-44.72	-61.81
50.80	-44.72	-61.81
50.96	-44.43	-62.50
51.09	-44.43	-63.06
51.20	-44.16	-63.06
51.33	-44.16	-63.55
51.44	-43.94	-63.55
51.70	-43.94	-63.69
51.81	-43.73	-63.60
51.95	-43.73	-63.60
52.06	-43.54	-63.43
52.17	-43.54	-63.05
52.30	-43.54	-63.05
52.43	-43.38	-62.68
52.54	-43.38	-62.68
52.69	-43.23	-62.25
52.80	-43.23	-61.78
52.91	-43.11	-61.33
53.05	-43.11	-61.09
53.18	-43.01	-61.09
53.31	-43.01	-60.86
53.42	-43.01	-60.76
53.55	-42.90	-60.77
53.66	-42.90	-60.77
53.79	-42.83	-60.77
53.90	-42.83	-60.98
54.03	-42.75	-61.21
54.17	-42.75	-61.21
54.28	-42.67	-61.73
54.41	-42.67	-62.29
54.56	-42.67	-62.29
54.67	-42.64	-62.95
54.80	-42.64	-63.84
54.94	-42.60	-63.84
55.07	-42.60	-64.90
55.20	-42.57	-66.23
55.33	-42.57	-66.23
55.46	-42.57	-68.01
55.59	-42.57	-69.91
55.84	-42.58	-69.91
55.97	-42.58	-70.70
56.10	-42.59	-70.73
56.23	-42.59	-70.73
56.34	-42.61	-69.49
56.47	-42.61	-67.72
56.61	-42.64	-67.72
56.71	-42.64	-66.25
56.87	-42.64	-64.79
56.98	-42.67	-63.56
57.09	-42.71	-63.56
57.24	-42.71	-62.50
57.48	-42.71	-61.65
57.62	-42.76	-61.65
57.75	-42.81	-60.85
57.86	-42.81	-60.28
57.99	-42.87	-60.28
58.12	-42.87	-59.86
58.25	-42.94	-59.52
58.47	-42.94	-59.25
58.60	-43.00	-59.09
58.74	-43.00	-59.09
58.85	-43.08	-59.11
58.98	-43.08	-59.17
59.11	-43.17	-59.17
59.22	-43.17	-59.29
59.40	-43.27	-59.57
59.53	-43.27	-59.88
59.77	-43.27	-60.26
59.88	-43.38	-60.26
60.01	-43.48	-60.75
60.16	-43.48	-61.36
60.27	-43.60	-61.36
60.52	-43.60	-62.04
60.63	-43.69	-62.82
60.76	-43.69	-62.82
60.89	-43.81	-63.59
61.02	-43.81	-64.54
61.13	-43.93	-64.54
61.26	-43.93	-65.42
61.37	-44.04	-66.11
61.64	-44.04	-66.11
61.77	-44.15	-66.39
61.88	-44.15	-66.29
61.99	-44.27	-66.29
62.12	-44.27	-65.92
62.25	-44.39	-65.28
62.36	-44.39	-64.52
62.49	-44.51	-63.65
62.71	-44.51	-63.65
62.85	-44.63	-62.74
63.00	-44.63	-61.99
63.11	-44.75	-61.99
63.24	-44.75	-61.27
63.35	-44.86	-60.64
63.46	-44.86	-60.64
63.61	-44.86	-60.12
63.75	-44.99	-59.70
63.86	-44.99	-59.70
63.99	-45.13	-59.36
64.10	-45.13	-59.04
64.23	-45.26	-59.04
64.36	-45.26	-58.80
64.49	-45.39	-58.65
64.76	-45.39	-58.65
64.85	-45.51	-58.56
64.98	-45.51	-58.49
65.11	-45.62	-58.48
65.22	-45.62	-58.53
65.35	-45.75	-58.53
65.59	-45.75	-58.56
65.72	-45.86	-58.58
65.86	-45.86	-58.58
65.99	-46.00	-58.66
66.10	-46.00	-58.69
66.21	-46.14	-58.69
66.34	-46.14	-58.78
66.47	-46.27	-58.83
66.74	-46.27	-58.83
66.84	-46.41	-58.91
66.95	-46.41	-58.91
67.24	-46.55	-58.91
67.35	-46.67	-58.90
67.48	-46.67	-58.90
67.72	-46.78	-58.94
67.88	-46.78	-59.01
67.99	-46.89	-59.01
68.14	-46.89	-59.08
68.27	-47.01	-59.13
68.38	-47.01	-59.13
68.51	-47.13	-59.20
68.65	-47.13	-59.24
68.78	-47.26	-59.24
68.91	-47.26	-59.31
69.02	-47.38	-59.45
69.31	-47.38	-59.59
69.42	-47.52	-59.59
69.55	-47.52	-59.75
69.66	-47.64	-59.75
69.77	-47.64	-60.00
69.92	-47.77	-60.27
70.05	-47.77	-60.27
70.29	-47.89	-60.54
70.40	-47.89	-60.88
70.54	-48.01	-60.88
70.80	-48.01	-61.27
70.93	-48.11	-61.68
71.04	-48.11	-61.68
71.15	-48.21	-62.16
71.28	-48.21	-62.68
71.44	-48.32	-62.68
71.55	-48.32	-63.26
71.68	-48.44	-63.99
71.90	-48.44	-63.99
72.05	-48.56	-64.72
72.16	-48.56	-65.47
72.29	-48.66	-65.47
72.43	-48.66	-66.28
72.54	-48.77	-67.11
72.67	-48.77	-67.11
72.80	-48.88	-68.07
72.93	-48.88	-69.03
73.06	-48.97	-70.32
73.31	-48.97	-71.99
73.44	-49.07	-71.99
73.57	-49.07	-73.86
73.68	-49.16	-76.11
73.81	-49.16	-76.11
73.92	-49.26	-77.79
74.05	-49.26	-78.01
74.18	-49.34	-78.01
74.43	-49.34	-76.34
74.56	-49.42	-74.36
74.65	-49.42	-74.36
74.78	-49.51	-72.19
74.91	-49.51	-70.36
75.04	-49.59	-70.36
75.17	-49.59	-68.85
75.39	-49.67	-67.59
75.52	-49.67	-67.59
75.66	-49.73	-66.30
75.77	-49.73	-65.30
75.90	-49.81	-65.30
76.03	-49.81	-64.52
76.12	-49.87	-63.85
76.25	-49.87	-63.85
76.51	-49.96	-63.36
76.65	-49.96	-63.36
76.76	-50.02	-62.92
76.89	-50.02	-62.51
77.02	-50.11	-62.51
77.13	-50.11	-62.16
77.28	-50.18	-61.92
77.41	-50.18	-61.92
77.66	-50.26	-61.71
77.79	-50.26	-61.53
77.92	-50.34	-61.47
78.05	-50.34	-61.47
78.16	-50.39	-61.49
78.29	-50.39	-61.49
78.43	-50.43	-61.55
78.67	-50.43	-61.68
78.80	-50.51	-61.68
78.91	-50.51	-61.88
79.04	-50.58	-62.09
79.17	-50.58	-62.09
79.30	-50.63	-62.36
79.44	-50.63	-62.65
79.57	-50.68	-62.65
79.68	-50.68	-63.04
79.81	-50.72	-63.50
80.07	-50.72	-63.50
80.21	-50.79	-64.09
80.32	-50.79	-64.61
80.45	-50.87	-64.61
80.58	-50.87	-65.16
80.71	-50.87	-66.01
80.84	-50.97	-66.01
80.95	-50.97	-66.85
81.08	-51.04	-67.64
81.22	-51.04	-67.64
81.33	-51.12	-68.56
81.48	-51.12	-69.53
81.61	-51.20	-70.46
81.72	-51.20	-71.30
81.85	-51.28	-71.30
82.12	-51.28	-72.05
82.25	-51.35	-72.21
82.36	-51.35	-72.21
82.49	-51.44	-71.78
82.62	-51.44	-71.19
82.75	-51.52	-71.19
82.89	-51.52	-70.18
83.00	-51.62	-69.20
83.24	-51.62	-69.20
83.37	-51.72	-68.23
83.48	-51.72	-67.13
83.63	-51.80	-67.13
83.74	-51.80	-66.21
83.85	-51.93	-65.33
83.98	-51.93	-65.33
84.12	-52.00	-64.52
84.38	-52.13	-63.79
84.62	-52.13	-63.79
84.75	-52.22	-63.15
85.00	-52.33	-62.50
85.13	-52.33	-62.50
85.22	-52.33	-61.92
85.35	-52.37	-61.45
85.48	-52.37	-60.93
85.59	-52.49	-60.49
85.74	-52.49	-60.49
85.85	-52.65	-60.13
85.96	-52.65	-59.83
86.09	-52.77	-59.55
86.23	-52.77	-59.26
86.36	-52.92	-59.26
86.60	-52.92	-59.07
86.73	-53.04	-58.96
86.86	-53.04	-58.96
87.00	-53.14	-58.81
87.24	-53.26	-58.73
87.35	-53.26	-58.73
87.48	-53.41	-58.70
87.72	-53.41	-58.70
87.85	-53.54	-58.74
87.98	-53.54	-58.75
88.09	-53.67	-58.82
88.20	-53.67	-58.82
88.34	-53.79	-58.94
88.47	-53.79	-58.94
88.58	-53.91	-59.13
88.84	-53.91	-59.38
88.97	-54.04	-59.38
89.08	-54.04	-59.60
89.21	-54.18	-59.98
89.35	-54.18	-60.34
89.43	-54.32	-60.69
89.57	-54.32	-60.69
89.70	-54.45	-61.14
89.96	-54.45	-61.67
90.09	-54.61	-62.24
90.20	-54.61	-62.92
90.34	-54.73	-62.92
90.47	-54.73	-63.63
90.62	-54.87	-64.48
90.75	-54.87	-64.48
90.86	-55.04	-65.50
91.15	-55.04	-66.54
91.28	-55.21	-66.54
91.41	-55.21	-67.74
91.52	-55.38	-69.17
91.65	-55.38	-69.17
91.90	-55.52	-70.80
92.05	-55.52	-72.77
92.16	-55.68	-72.77
92.42	-55.84	-75.12
92.55	-55.84	-78.33
92.66	-56.02	-78.33
92.80	-56.02	-82.28
92.93	-56.14	-82.29
93.17	-56.14	-78.99
93.30	-56.29	-75.93
93.43	-56.29	-75.93
93.57	-56.43	-73.76
93.65	-56.43	-71.87
93.92	-56.56	-71.87
94.03	-56.71	-70.60
94.29	-56.71	-69.24
94.40	-56.84	-69.24
94.53	-56.84	-68.18
94.66	-57.00	-67.38
94.80	-57.00	-67.38
94.91	-57.21	-66.48
95.04	-57.21	-65.92
95.17	-57.38	-65.92
95.41	-57.38	-65.41
95.56	-57.51	-64.83
95.70	-57.51	-64.83
95.78	-57.75	-64.54
96.05	-57.89	-64.19
96.18	-57.89	-63.87
96.31	-58.06	-63.54
96.55	-58.06	-63.54
96.69	-58.27	-63.24
96.80	-58.27	-63.05
96.93	-58.43	-63.05
97.06	-58.43	-62.78
97.17	-58.64	-62.58
97.30	-58.64	-62.58
97.43	-58.85	-62.46
97.67	-58.85	-62.42
97.81	-59.05	-62.46
97.89	-59.05	-62.52
98.03	-59.20	-62.52
98.16	-59.20	-62.53
98.27	-59.35	-62.56
98.40	-59.35	-62.56
98.58	-59.58	-62.61
98.71	-59.58	-62.68
98.84	-59.85	-62.68
98.95	-59.85	-62.79
99.08	-60.10	-62.94
99.32	-60.10	-63.08
99.45	-60.36	-63.08
99.59	-60.36	-63.24
99.70	-60.58	-63.46
99.83	-60.58	-63.70
99.94	-60.77	-64.06
100.07	-60.77	-64.06
100.20	-61.04	-64.36
100.44	-61.04	-64.60
100.58	-61.21	-64.60
100.68	-61.21	-64.97
100.82	-61.56	-65.34
100.95	-61.56	-65.34
101.06	-61.76	-65.75
101.19	-61.76	-66.15
101.32	-61.94	-66.59
101.56	-61.94	-67.03
101.70	-62.20	-67.03
101.83	-62.20	-67.51
101.96	-62.57	-67.95
102.07	-62.57	-68.42
102.20	-62.71	-68.82
102.35	-62.71	-68.82
102.44	-62.98	-69.29
102.73	-62.98	-69.74
102.84	-63.23	-69.74
102.97	-63.23	-70.15
103.10	-63.32	-70.44
103.21	-63.32	-70.44
103.34	-63.55	-70.53
103.59	-63.55	-70.71
103.74	-63.74	-70.64
103.85	-63.74	-70.39
104.00	-63.82	-70.39
104.13	-63.93	-69.97
104.38	-63.93	-69.62
104.51	-64.05	-68.99
104.77	-64.05	-68.50
104.88	-64.28	-68.50
105.04	-64.28	-67.95
105.15	-64.47	-67.41
105.26	-64.47	-66.83
105.41	-64.47	-66.22
105.54	-64.47	-66.22
105.65	-64.43	-65.68
105.91	-64.43	-65.08
106.05	-64.40	-65.08
106.18	-64.40	-64.45
106.29	-64.33	-63.95
106.42	-64.33	-63.43
106.57	-64.29	-62.95
106.66	-64.29	-62.95
106.82	-64.14	-62.50
107.04	-64.14	-62.03
107.19	-64.00	-62.03
107.32	-64.00	-61.56
107.41	-63.98	-61.10
107.56	-63.98	-60.69
107.67	-63.99	-60.69
107.80	-63.99	-60.28
107.94	-63.92	-59.91
108.18	-63.92	-59.55
108.33	-63.77	-59.20
108.44	-63.70	-59.20
108.57	-63.70	-58.91
108.71	-63.70	-58.58
108.82	-63.53	-58.26
108.97	-63.53	-57.99
109.08	-63.37	-57.72
109.34	-63.37	-57.46
109.45	-63.15	-57.46
109.58	-63.15	-57.23
109.72	-63.00	-57.00
109.80	-63.00	-56.77
109.94	-62.93	-56.77
110.07	-62.93	-56.36
110.18	-62.78	-56.17
110.42	-62.78	-56.17
110.53	-62.64	-56.00
110.66	-62.64	-55.87
110.79	-62.44	-55.87
110.88	-62.44	-55.73
111.03	-62.32	-55.59
111.14	-62.32	-55.48
111.25	-62.18	-55.36
111.52	-62.18	-55.29
111.63	-62.06	-55.19
111.76	-62.06	-55.19
111.87	-61.95	-55.13
111.98	-61.95	-55.06
112.11	-61.80	-54.98
112.24	-61.80	-54.93
112.35	-61.73	-54.90
112.62	-61.73	-54.88
112.75	-61.67	-54.86
112.88	-61.67	-54.84
112.99	-61.60	-54.84
113.14	-61.60	-54.85
113.28	-61.56	-54.86
113.39	-61.56	-54.87
113.52	-61.57	-54.90
113.78	-61.57	-54.94
113.91	-61.51	-54.99
114.02	-61.51	-55.02
114.15	-61.40	-55.09
114.29	-61.40	-55.09
114.40	-61.35	-55.16
114.53	-61.35	-55.22
114.66	-61.26	-55.31
114.90	-61.26	-55.41
115.06	-61.19	-55.49
115.17	-61.19	-55.60
115.30	-61.07	-55.72
115.41	-61.07	-55.84
115.54	-61.07	-55.95
115.80	-61.07	-56.06
115.96	-61.03	-56.06
116.07	-61.09	-56.18
116.18	-61.09	-56.32
116.31	-61.07	-56.44
116.55	-61.07	-56.59
116.70	-61.06	-56.75
116.95	-61.06	-56.91
117.08	-61.13	-57.05
117.21	-61.13	-57.22
117.34	-61.14	-57.22
117.47	-61.04	-57.40
117.74	-61.04	-57.56
117.87	-61.13	-57.75
118.15	-61.13	-57.92
118.26	-61.12	-58.08
118.40	-61.12	-58.21
118.53	-61.17	-58.36
118.64	-61.17	-58.36
118.77	-61.28	-58.68
118.90	-61.28	-58.68
119.03	-61.26	-58.80
119.30	-61.26	-58.97
119.43	-61.34	-59.16
119.54	-61.34	-59.25
119.67	-61.49	-59.39
119.80	-61.49	-59.55
119.93	-61.61	-59.65
120.04	-61.61	-59.71
120.18	-61.73	-59.85
120.42	-61.73	-59.95
120.55	-61.77	-59.95
120.68	-61.77	-59.97
120.79	-61.90	-60.06
120.92	-61.90	-60.13
121.03	-62.09	-60.17
121.16	-62.09	-60.24
121.30	-62.28	-60.24
121.54	-62.28	-60.25
121.67	-62.52	-60.22
121.78	-62.52	-60.22
121.91	-62.86	-60.30
122.04	-62.86	-60.31
122.15	-63.12	-60.30
122.29	-63.12	-60.24
122.42	-63.50	-60.27
122.66	-63.89	-60.28
122.88	-63.89	-60.26
122.99	-64.35	-60.25
123.12	-64.35	-60.28
123.21	-64.77	-60.28
123.36	-64.77	-60.30
123.47	-65.30	-60.28
123.74	-65.30	-60.31
123.87	-66.02	-60.38
124.02	-66.02	-60.45
124.15	-66.74	-60.52
124.29	-66.74	-60.62
124.44	-67.53	-60.76
124.57	-67.53	-60.85
124.70	-68.45	-61.01
124.97	-68.45	-61.21
125.12	-69.41	-61.47
125.25	-69.41	-61.74
125.36	-70.34	-61.74
125.52	-70.34	-62.06
125.63	-71.63	-62.37
125.76	-71.63	-62.72
125.89	-73.18	-63.10
126.15	-73.18	-63.45
126.28	-74.87	-63.77
126.39	-74.87	-64.05
126.55	-76.90	-64.21
126.68	-76.90	-64.29
126.81	-78.86	-64.14
126.94	-78.86	-63.82
127.05	-80.09	-63.40
127.32	-80.09	-62.82
127.43	-79.74	-62.04
127.58	-79.74	-61.25
127.69	-78.34	-60.43
127.82	-78.34	-59.58
127.95	-76.44	-58.79
128.20	-76.44	-58.01
128.33	-74.96	-57.27
128.44	-74.96	-56.53
128.59	-73.43	-55.87
128.72	-73.43	-55.22
128.83	-72.05	-54.60
128.97	-72.05	-54.02
129.10	-70.81	-53.46
129.34	-70.81	-52.95
129.47	-69.64	-52.46
129.58	-69.64	-51.98
129.73	-68.92	-51.98
129.84	-68.92	-51.12
129.98	-68.55	-50.72
130.11	-68.55	-50.35
130.35	-67.75	-50.35
130.48	-67.75	-50.01
130.59	-67.02	-49.70
130.72	-67.02	-49.39
130.86	-66.44	-49.12
130.97	-66.44	-48.86
131.12	-65.90	-48.62
131.23	-65.90	-48.39
131.36	-65.24	-48.18
131.60	-65.24	-48.00
131.73	-64.82	-47.84
131.87	-64.82	-47.68
131.98	-64.35	-47.54
132.13	-64.01	-47.42
132.35	-64.01	-47.32
132.48	-63.66	-47.22
132.72	-63.66	-47.16
132.85	-63.35	-47.11
132.96	-63.04	-47.08
133.07	-63.04	-47.08
133.23	-63.04	-47.10
133.34	-62.75	-47.14
133.47	-62.75	-47.14
133.60	-62.35	-47.21
133.84	-62.35	-47.31
133.98	-62.08	-47.42
134.09	-62.08	-47.58
134.22	-61.80	-47.78
134.35	-61.80	-48.01
134.44	-61.44	-48.28
134.57	-61.44	-48.62
134.70	-61.17	-49.00
134.94	-61.17	-49.45
135.07	-60.91	-49.96
135.21	-60.62	-50.53
135.34	-60.62	-51.21
135.47	-60.62	-52.00
135.58	-60.26	-52.90
135.71	-60.26	-53.97
135.82	-59.96	-53.97
136.11	-59.96	-56.78
136.22	-59.65	-58.60
136.35	-59.65	-60.93
136.48	-59.28	-63.73
136.57	-59.28	-66.27
136.70	-58.98	-66.11
136.83	-58.98	-63.38
136.94	-58.62	-60.59
137.18	-58.62	-58.37
137.27	-58.33	-56.56
137.40	-58.33	-55.14
137.51	-57.97	-53.93
137.60	-57.97	-52.94
137.73	-57.68	-52.12
137.84	-57.68	-51.42
137.95	-57.41	-50.86
138.19	-57.41	-50.39
138.30	-57.09	-50.01
138.44	-57.09	-49.73
138.57	-56.81	-49.54
138.68	-56.81	-49.43
138.81	-56.56	-49.41
138.94	-56.56	-49.46
139.05	-56.28	-49.60
139.34	-56.28	-49.83
139.47	-56.09	-50.18
139.60	-56.09	-50.58
139.71	-55.87	-51.12
139.86	-55.87	-51.79
140.00	-55.63	-52.58
140.11	-55.63	-53.61
140.24	-55.49	-54.78
140.50	-55.49	-56.26
140.63	-55.41	-57.96
140.77	-55.41	-59.72
140.90	-55.32	-61.07
141.03	-55.32	-60.93
141.14	-55.20	-59.33
141.40	-55.20	-57.25
141.53	-55.15	-55.28
141.67	-55.15	-53.49
141.80	-55.10	-52.04
141.93	-55.10	-50.82
142.04	-55.10	-49.70
142.30	-55.16	-48.79
142.44	-55.16	-47.98
142.55	-55.16	-47.29
142.68	-55.23	-46.70
142.81	-55.30	-46.20
142.92	-55.30	-45.79
143.05	-55.30	-45.46
143.18	-55.40	-45.21
143.29	-55.40	-45.04
143.42	-55.57	-44.96
143.67	-55.57	-44.94
143.80	-55.75	-45.02
143.91	-55.75	-45.17
144.02	-55.89	-45.42
144.15	-55.89	-45.75
144.26	-56.08	-46.18
144.39	-56.08	-46.71
144.55	-56.32	-47.32
144.81	-56.32	-48.02
144.94	-56.53	-48.76
145.05	-56.53	-49.48
145.16	-56.83	-50.04
145.29	-56.83	-50.24
145.42	-57.15	-49.98
145.56	-57.15	-49.28
145.67	-57.44	-48.24
145.93	-57.44	-47.05
146.04	-57.76	-45.86
146.17	-57.76	-44.72
146.30	-58.08	-43.70
146.41	-58.08	-42.75
146.54	-58.45	-41.88
146.68	-58.45	-41.88
146.79	-58.81	-41.12
147.05	-58.81	-40.42
147.16	-59.23	-39.80
147.29	-59.23	-39.26
147.40	-59.63	-38.78
147.53	-59.63	-38.37
147.67	-60.09	-38.01
147.78	-60.09	-37.71
148.04	-60.60	-37.47
148.15	-61.14	-37.28
148.37	-61.14	-37.14
148.48	-61.66	-37.06
148.59	-61.66	-37.02
148.72	-62.23	-37.04
148.85	-62.23	-37.11
149.14	-62.81	-37.23
149.27	-62.81	-37.41
149.40	-63.40	-37.64
149.51	-63.40	-37.92
149.64	-64.03	-38.26
149.77	-64.03	-38.66
149.91	-64.85	-39.12
150.04	-64.85	-39.64
150.17	-65.60	-40.23
150.41	-65.60	-40.90
150.54	-66.21	-41.63
150.63	-66.21	-42.46
150.79	-66.80	-43.33
150.92	-66.80	-44.25
151.07	-67.36	-45.18
151.31	-67.36	-46.11
151.47	-67.92	-46.99
151.58	-67.92	-47.73
151.71	-68.29	-48.27
151.84	-68.29	-48.56
151.97	-68.50	-48.62
152.10	-68.50	-48.49
152.26	-68.45	-48.49
152.37	-68.45	-48.28
152.50	-68.38	-48.03
152.72	-68.38	-47.80
152.85	-68.18	-47.64
152.98	-68.18	-47.56
153.09	-68.07	-47.58
153.25	-68.07	-47.72
153.38	-67.95	-47.96
153.69	-67.58	-48.30
153.93	-67.58	-48.76
154.06	-67.14	-49.33
154.17	-66.78	-50.00
154.43	-66.78	-50.73
154.57	-66.32	-51.51
154.81	-66.32	-52.22
154.94	-65.89	-52.74
155.07	-65.89	-52.94
155.18	-65.41	-52.77
155.31	-65.41	-52.26
155.42	-65.07	-51.54
155.55	-65.07	-50.72
155.82	-64.64	-49.95
155.95	-64.64	-49.25
156.06	-64.36	-48.64
156.17	-64.36	-48.15
156.30	-64.09	-47.79
156.43	-63.76	-47.54
156.67	-63.76	-47.39
156.81	-63.50	-47.39
157.05	-63.50	-47.35
157.18	-63.18	-47.43
157.27	-63.18	-47.64
157.38	-62.86	-47.97
157.51	-62.86	-48.44
157.62	-62.65	-49.05
157.75	-62.65	-49.85
158.04	-62.39	-50.87
158.19	-62.39	-52.17
158.30	-62.16	-53.83
158.43	-62.16	-55.95
158.56	-61.81	-58.86
158.67	-61.81	-63.40
158.78	-61.51	-72.72
158.92	-61.51	-71.90
159.05	-61.26	-63.40
159.31	-61.26	-59.30
159.44	-60.93	-56.69
159.58	-60.62	-54.87
159.69	-60.62	-54.87
159.79	-60.62	-53.54
159.93	-60.24	-52.57
160.04	-60.24	-51.90
160.17	-59.97	-51.43
160.43	-59.68	-51.19
160.72	-59.68	-51.15
160.83	-59.34	-51.27
160.96	-59.34	-51.56
161.07	-59.03	-52.02
161.18	-59.03	-52.67
161.29	-58.75	-53.48
161.55	-58.75	-54.51
161.68	-58.47	-55.75
161.79	-58.47	-57.29
161.93	-58.19	-59.05
162.06	-58.19	-60.91
162.32	-58.03	-62.79
162.45	-57.85	-64.39
162.56	-57.85	-65.00
162.72	-57.85	-64.63
162.85	-57.70	-63.52
162.98	-57.70	-61.58
163.11	-57.57	-59.02
163.24	-57.57	-56.35
163.38	-57.48	-53.97
163.51	-57.48	-51.30
163.60	-57.45	-48.97
163.86	-57.45	-46.91
163.95	-57.50	-44.90
164.08	-57.50	-43.06
164.21	-57.59	-41.44
164.32	-57.59	-39.87
164.59	-57.70	-38.44
164.72	-57.83	-37.13
164.85	-57.83	-35.86
164.98	-58.02	-34.74
165.11	-58.02	-33.62
165.22	-58.02	-32.59
165.33	-58.27	-31.64
165.49	-58.27	-30.80
165.62	-58.57	-30.08
165.86	-58.57	-29.29
165.99	-58.87	-28.61
166.10	-58.87	-28.61
166.26	-59.25	-28.01
166.37	-59.25	-27.41
166.50	-59.68	-26.87
166.63	-59.68	-26.40
166.76	-60.16	-25.93
167.02	-60.16	-25.52
167.13	-60.67	-25.14
167.40	-61.22	-24.80
167.53	-61.22	-24.51
167.79	-61.80	-24.24
167.90	-62.48	-24.01
168.04	-62.48	-23.82
168.15	-63.10	-23.68
168.41	-63.10	-23.58
168.52	-63.84	-23.50
168.63	-63.84	-23.47
168.76	-64.52	-23.47
168.87	-64.52	-23.50
169.00	-65.14	-23.56
169.24	-65.14	-23.66
169.38	-65.59	-23.80
169.49	-65.85	-23.98
169.60	-65.85	-24.19
169.86	-65.67	-24.45
169.99	-65.67	-24.75
170.10	-65.23	-25.10
170.36	-65.23	-25.52
170.50	-64.50	-25.98
170.74	-63.64	-26.41
170.87	-63.64	-26.93
171.11	-62.75	-26.93
171.24	-61.86	-27.55
171.49	-61.86	-28.18
171.62	-61.03	-28.85
171.73	-60.24	-29.63
171.99	-60.24	-30.47
172.12	-59.55	-31.35
172.25	-59.55	-32.42
172.50	-58.91	-33.54
172.63	-58.39	-34.80
172.87	-58.39	-36.27
173.00	-58.04	-37.90
173.11	-57.68	-39.93
173.37	-57.68	-42.48
173.48	-57.38	-45.40
173.75	-57.38	-49.00
173.88	-57.20	-55.41
174.01	-57.04	-69.22
174.25	-57.04	-56.10
174.39	-56.96	-51.03
174.65	-56.91	-48.26
174.78	-56.91	-46.52
175.02	-56.99	-45.39
175.15	-57.14	-44.57
175.26	-57.14	-44.06
175.53	-57.35	-43.79
175.66	-57.35	-43.74
175.90	-57.60	-43.88
176.06	-57.90	-44.24
176.30	-57.90	-44.83
176.45	-58.31	-46.31
176.69	-58.82	-47.47
176.82	-58.82	-48.92
177.07	-59.38	-50.42
177.20	-59.90	-51.91
177.46	-59.90	-53.05
177.59	-60.52	-53.05
177.84	-61.18	-52.01
178.08	-61.81	-50.59
178.21	-61.81	-47.76
178.47	-62.50	-46.56
178.58	-63.06	-45.48
178.85	-63.06	-44.64
178.98	-63.55	-43.96
179.22	-63.55	-43.38
179.35	-63.69	-42.94
179.62	-63.60	-42.60
179.73	-63.60	-42.30
30.06	-41.86	-41.86
