!	NAME	
!	LENTH	0
!	DATE	2017-08-24
!	FREQ	1830
!	COUNT	1963
!	GAIN	0
!	PLANE	V
!	MAIN	M
!	POLARIZE	-45
!	PORT	1
179.99	-56.64	-38.72
-179.90	-56.22	-38.72
-179.77	-56.22	-38.72
-179.64	-56.09	-38.71
-179.37	-56.09	-38.70
-179.13	-55.72	-38.70
-179.00	-55.50	-38.70
-178.76	-55.06	-38.69
-178.49	-54.84	-38.69
-178.25	-54.84	-38.69
-177.99	-54.74	-38.69
-177.77	-54.64	-38.69
-177.64	-54.59	-38.68
-177.40	-54.64	-38.68
-177.11	-54.64	-38.67
-177.02	-54.54	-38.67
-176.87	-54.51	-38.67
-176.61	-54.51	-38.66
-176.36	-54.84	-38.66
-176.23	-54.96	-38.66
-175.99	-54.96	-38.66
-175.73	-55.10	-38.67
-175.62	-55.17	-38.67
-175.35	-55.17	-38.69
-175.24	-55.42	-38.69
-174.98	-56.01	-38.69
-174.85	-56.01	-38.68
-174.61	-56.65	-38.68
-174.47	-57.35	-38.71
-174.23	-57.35	-38.73
-174.08	-58.03	-38.73
-173.86	-58.67	-38.77
-173.70	-58.67	-38.77
-173.48	-59.26	-38.77
-173.33	-60.16	-38.80
-173.09	-60.16	-38.80
-172.85	-60.81	-38.85
-172.72	-61.70	-38.85
-172.47	-62.31	-38.93
-172.34	-62.31	-38.93
-172.10	-62.95	-39.00
-171.95	-63.22	-39.00
-171.70	-63.22	-39.07
-171.46	-63.72	-39.07
-171.31	-63.62	-39.18
-171.07	-63.53	-39.18
-170.91	-63.53	-39.18
-170.67	-63.38	-39.30
-170.41	-63.27	-39.30
-170.14	-63.13	-39.41
-169.88	-63.13	-39.41
-169.75	-63.02	-39.41
-169.51	-63.01	-39.57
-169.38	-63.01	-39.57
-169.13	-62.85	-39.75
-169.00	-62.99	-39.75
-168.76	-62.99	-39.94
-168.52	-63.50	-39.94
-168.25	-63.50	-40.20
-168.01	-63.94	-40.20
-167.90	-64.57	-40.20
-167.62	-64.57	-40.50
-167.51	-65.02	-40.78
-167.27	-65.63	-40.78
-167.13	-65.63	-41.11
-166.89	-66.66	-41.11
-166.74	-67.52	-41.48
-166.52	-67.52	-41.48
-166.39	-68.28	-41.48
-166.15	-69.53	-41.82
-165.99	-69.53	-41.82
-165.75	-70.85	-42.24
-165.62	-71.29	-42.24
-165.35	-71.29	-42.72
-165.24	-70.81	-42.72
-165.00	-70.41	-43.24
-164.76	-70.01	-43.24
-164.50	-69.32	-43.24
-164.23	-69.32	-43.82
-164.12	-68.70	-43.82
-163.86	-68.21	-44.45
-163.75	-68.21	-44.45
-163.49	-67.41	-45.19
-163.38	-67.38	-45.19
-163.11	-67.38	-45.98
-163.00	-66.28	-45.98
-162.74	-65.42	-45.98
-162.61	-65.42	-46.87
-162.34	-64.53	-46.87
-162.23	-64.72	-47.81
-161.97	-64.72	-47.81
-161.84	-64.18	-48.89
-161.60	-63.93	-48.89
-161.44	-63.93	-49.97
-161.20	-64.14	-49.97
-161.07	-64.38	-51.36
-160.81	-64.16	-51.36
-160.56	-64.63	-52.92
-160.30	-64.63	-52.92
-160.19	-64.54	-52.92
-159.90	-64.40	-54.79
-159.79	-64.40	-54.79
-159.53	-64.62	-56.78
-159.40	-64.81	-56.78
-159.14	-64.81	-58.94
-159.00	-64.70	-58.94
-158.76	-64.95	-58.94
-158.63	-64.95	-60.64
-158.37	-65.05	-60.64
-158.23	-65.05	-61.03
-157.99	-65.01	-61.03
-157.86	-65.00	-60.04
-157.60	-65.00	-60.04
-157.47	-64.53	-58.50
-157.22	-64.06	-58.50
-157.09	-64.06	-58.50
-156.83	-63.76	-57.24
-156.70	-63.60	-57.24
-156.45	-63.60	-56.20
-156.35	-63.23	-56.20
-156.08	-63.01	-55.25
-155.97	-63.01	-55.25
-155.71	-62.65	-54.49
-155.60	-62.31	-54.49
-155.33	-62.04	-54.49
-155.22	-62.04	-54.06
-154.96	-61.70	-54.06
-154.83	-61.70	-53.65
-154.59	-61.35	-53.29
-154.46	-61.19	-53.29
-154.21	-61.19	-53.10
-154.06	-61.09	-53.10
-153.82	-60.88	-53.10
-153.69	-60.88	-52.90
-153.44	-60.64	-52.90
-153.31	-60.48	-52.77
-153.07	-60.48	-52.77
-152.94	-60.14	-52.74
-152.70	-59.85	-52.74
-152.57	-59.85	-52.58
-152.30	-59.67	-52.58
-152.17	-59.34	-52.58
-151.93	-59.34	-52.37
-151.80	-59.01	-52.37
-151.55	-58.86	-51.96
-151.44	-58.86	-51.96
-151.18	-58.71	-51.62
-151.07	-58.54	-51.62
-150.81	-58.54	-51.05
-150.70	-58.43	-51.05
-150.41	-58.32	-50.56
-150.30	-58.37	-50.56
-149.93	-58.46	-50.03
-149.80	-58.46	-50.03
-149.53	-58.43	-50.03
-149.40	-58.51	-49.46
-149.16	-58.51	-49.46
-149.03	-58.68	-48.85
-148.76	-58.98	-48.85
-148.63	-58.98	-48.28
-148.39	-59.46	-48.28
-148.26	-60.00	-47.72
-147.99	-60.00	-47.72
-147.86	-60.49	-47.72
-147.60	-61.01	-47.11
-147.49	-61.01	-47.11
-147.23	-61.65	-46.60
-147.09	-62.64	-46.60
-146.85	-62.64	-46.09
-146.70	-63.72	-46.09
-146.46	-64.89	-45.56
-146.32	-64.89	-45.56
-146.08	-65.72	-45.07
-145.95	-66.72	-45.07
-145.69	-66.72	-44.55
-145.58	-67.30	-44.55
-145.31	-67.22	-44.13
-145.18	-67.22	-44.13
-144.94	-66.75	-44.13
-144.79	-66.04	-43.78
-144.54	-66.04	-43.78
-144.44	-64.95	-43.41
-144.17	-64.00	-43.41
-144.04	-64.00	-43.10
-143.78	-63.22	-43.10
-143.67	-62.53	-43.10
-143.38	-62.53	-42.80
-143.27	-61.84	-42.80
-143.01	-61.29	-42.52
-142.87	-61.29	-42.52
-142.63	-60.82	-42.28
-142.50	-60.82	-42.28
-142.26	-60.50	-42.07
-142.13	-60.12	-42.07
-141.89	-60.12	-42.07
-141.75	-59.89	-41.87
-141.49	-59.64	-41.87
-141.36	-59.64	-41.68
-141.12	-59.60	-41.68
-140.99	-59.61	-41.54
-140.74	-59.61	-41.54
-140.61	-59.51	-41.41
-140.37	-59.66	-41.41
-140.24	-59.66	-41.30
-140.00	-59.83	-41.30
-139.86	-60.09	-41.20
-139.62	-60.09	-41.20
-139.49	-60.22	-41.12
-139.23	-60.50	-41.12
-139.12	-60.50	-41.05
-138.85	-60.77	-41.05
-138.72	-61.10	-41.05
-138.46	-61.42	-41.01
-138.22	-61.90	-41.01
-137.95	-61.90	-40.96
-137.84	-62.36	-40.96
-137.58	-62.97	-40.93
-137.45	-62.97	-40.93
-137.21	-63.49	-40.93
-137.07	-64.06	-40.93
-136.83	-64.06	-40.94
-136.70	-64.39	-40.94
-136.44	-65.18	-40.94
-136.33	-65.18	-40.95
-136.06	-65.86	-40.95
-135.95	-66.52	-40.96
-135.69	-66.52	-40.96
-135.56	-67.23	-41.01
-135.29	-68.02	-41.01
-135.18	-68.02	-41.05
-134.92	-68.45	-41.05
-134.81	-68.56	-41.05
-134.55	-68.56	-41.11
-134.41	-68.77	-41.11
-134.17	-69.07	-41.16
-134.02	-69.07	-41.16
-133.78	-69.37	-41.23
-133.51	-68.61	-41.23
-133.25	-68.56	-41.28
-133.01	-68.63	-41.28
-132.90	-68.63	-41.28
-132.64	-68.95	-41.35
-132.39	-68.69	-41.35
-132.13	-68.99	-41.43
-131.89	-69.39	-41.43
-131.76	-69.39	-41.53
-131.49	-69.40	-41.53
-131.38	-69.51	-41.62
-131.12	-69.51	-41.62
-131.01	-69.70	-41.70
-130.75	-70.05	-41.70
-130.61	-70.05	-41.79
-130.35	-70.66	-41.79
-130.24	-71.19	-41.91
-129.98	-71.19	-41.91
-129.84	-71.49	-42.01
-129.60	-72.56	-42.01
-129.47	-72.56	-42.01
-129.21	-73.69	-42.08
-129.08	-73.69	-42.19
-128.83	-74.87	-42.19
-128.70	-75.49	-42.19
-128.46	-75.49	-42.27
-128.33	-76.65	-42.39
-128.09	-76.99	-42.39
-127.84	-76.11	-42.49
-127.58	-76.37	-42.49
-127.34	-76.37	-42.59
-127.21	-75.10	-42.59
-126.94	-73.49	-42.71
-126.70	-71.68	-42.71
-126.44	-70.45	-42.82
-126.31	-70.45	-42.82
-126.06	-69.37	-42.95
-125.93	-68.29	-42.95
-125.67	-68.29	-43.08
-125.54	-67.57	-43.08
-125.30	-66.74	-43.08
-125.14	-66.74	-43.19
-124.88	-65.97	-43.30
-124.75	-65.45	-43.30
-124.50	-65.45	-43.44
-124.37	-64.71	-43.44
-124.13	-64.31	-43.59
-124.00	-64.31	-43.59
-123.74	-63.65	-43.72
-123.63	-63.69	-43.72
-123.36	-63.69	-43.84
-123.25	-63.26	-43.84
-122.99	-62.92	-44.00
-122.72	-62.60	-44.00
-122.48	-62.39	-44.14
-122.24	-62.39	-44.14
-122.11	-62.12	-44.29
-121.87	-62.07	-44.29
-121.71	-62.07	-44.44
-121.47	-62.12	-44.44
-121.34	-62.17	-44.62
-121.10	-62.17	-44.62
-120.94	-61.81	-44.78
-120.70	-61.75	-44.78
-120.57	-61.75	-44.97
-120.31	-61.30	-44.97
-120.18	-61.30	-45.11
-119.93	-61.30	-45.11
-119.80	-61.42	-45.11
-119.54	-61.30	-45.27
-119.43	-61.30	-45.27
-119.17	-61.56	-45.48
-118.92	-61.75	-45.48
-118.68	-61.64	-45.66
-118.42	-61.34	-45.66
-118.31	-61.34	-45.88
-118.04	-61.59	-45.88
-117.91	-61.15	-46.06
-117.67	-61.15	-46.06
-117.54	-61.19	-46.28
-117.28	-61.10	-46.28
-117.01	-61.10	-46.49
-116.90	-60.91	-46.49
-116.64	-61.31	-46.70
-116.37	-61.58	-46.70
-116.13	-61.25	-46.91
-116.00	-61.25	-46.91
-115.74	-61.05	-47.09
-115.61	-61.15	-47.09
-115.36	-61.15	-47.37
-115.23	-60.93	-47.37
-114.97	-60.52	-47.60
-114.86	-60.52	-47.60
-114.59	-60.20	-47.82
-114.35	-60.02	-48.04
-114.22	-59.85	-48.04
-113.96	-59.85	-48.28
-113.72	-59.91	-48.28
-113.45	-59.59	-48.57
-113.19	-59.53	-48.57
-112.95	-59.29	-48.79
-112.81	-59.29	-48.79
-112.55	-59.20	-49.06
-112.42	-58.99	-49.06
-112.18	-58.99	-49.28
-112.05	-58.78	-49.28
-111.78	-58.63	-49.60
-111.67	-58.63	-49.60
-111.41	-58.44	-49.82
-111.14	-58.35	-49.82
-110.90	-58.34	-50.09
-110.66	-58.19	-50.09
-110.53	-58.19	-50.39
-110.29	-58.02	-50.39
-110.02	-57.99	-50.70
-109.76	-57.96	-50.70
-109.52	-57.93	-50.96
-109.39	-57.93	-50.96
-109.14	-57.90	-51.26
-109.01	-57.92	-51.26
-108.77	-57.92	-51.63
-108.62	-57.95	-51.63
-108.38	-58.01	-51.71
-108.24	-58.01	-51.71
-108.00	-58.06	-51.93
-107.74	-58.06	-51.93
-107.50	-58.13	-52.23
-107.21	-58.26	-52.23
-107.10	-58.26	-52.59
-106.84	-58.42	-52.59
-106.57	-58.61	-52.82
-106.33	-58.75	-52.82
-106.09	-58.84	-53.16
-105.83	-58.84	-53.16
-105.69	-58.96	-53.52
-105.45	-59.12	-53.52
-105.19	-59.32	-53.79
-104.97	-59.51	-53.79
-104.84	-59.51	-54.08
-104.60	-59.68	-54.08
-104.44	-59.82	-54.52
-104.20	-59.82	-54.52
-103.96	-59.98	-54.90
-103.83	-60.19	-54.90
-103.56	-60.36	-55.16
-103.30	-60.43	-55.16
-103.04	-60.43	-55.52
-102.93	-60.50	-55.52
-102.66	-60.62	-55.82
-102.53	-60.62	-55.82
-102.27	-60.58	-56.22
-102.00	-60.65	-56.22
-101.76	-60.59	-56.49
-101.63	-60.59	-56.49
-101.39	-60.62	-56.81
-101.12	-60.55	-56.81
-100.86	-60.50	-57.12
-100.62	-60.35	-57.12
-100.49	-60.35	-57.62
-100.22	-60.17	-57.62
-99.98	-60.13	-57.99
-99.74	-60.05	-57.99
-99.45	-59.89	-58.17
-99.21	-59.83	-58.17
-98.97	-59.69	-58.63
-98.71	-59.69	-58.63
-98.58	-59.51	-58.93
-98.33	-59.24	-58.93
-98.07	-59.13	-59.18
-97.81	-59.13	-59.18
-97.56	-58.88	-59.68
-97.19	-58.75	-59.68
-97.06	-58.75	-60.11
-96.80	-58.62	-60.11
-96.66	-58.50	-60.48
-96.42	-58.50	-60.48
-96.18	-58.42	-60.83
-95.92	-58.32	-60.83
-95.67	-58.25	-61.04
-95.41	-58.12	-61.04
-95.17	-58.08	-61.54
-94.91	-58.00	-61.54
-94.64	-58.00	-61.96
-94.40	-57.96	-61.96
-94.16	-57.90	-62.19
-93.89	-57.89	-62.19
-93.65	-57.91	-62.78
-93.39	-57.86	-62.78
-93.13	-57.93	-62.78
-92.88	-57.96	-63.16
-92.64	-57.95	-63.16
-92.38	-57.95	-63.65
-92.14	-57.98	-63.65
-91.87	-58.07	-63.78
-91.63	-58.13	-63.78
-91.37	-58.16	-64.33
-91.13	-58.24	-64.33
-90.86	-58.33	-64.90
-90.62	-58.47	-64.90
-90.36	-58.63	-65.44
-90.09	-58.63	-65.44
-89.85	-58.75	-65.99
-89.59	-58.99	-65.99
-89.32	-59.10	-66.82
-89.06	-59.31	-66.82
-88.80	-59.51	-66.92
-88.56	-59.65	-66.92
-88.29	-59.88	-67.47
-88.05	-60.04	-67.47
-87.79	-60.29	-67.55
-87.52	-60.47	-67.55
-87.28	-60.47	-68.20
-87.04	-60.70	-68.20
-86.78	-60.99	-68.63
-86.53	-61.25	-68.12
-86.27	-61.54	-68.12
-86.03	-61.81	-69.34
-85.76	-61.99	-70.44
-85.50	-62.26	-70.44
-85.26	-62.48	-70.44
-84.89	-62.48	-71.01
-84.75	-62.88	-71.01
-84.49	-63.10	-70.96
-84.25	-63.40	-70.96
-83.96	-63.67	-71.47
-83.72	-63.92	-71.47
-83.48	-64.25	-71.96
-83.22	-64.52	-71.96
-82.97	-65.07	-72.30
-82.58	-65.23	-72.30
-82.34	-65.23	-72.56
-82.09	-65.45	-72.56
-81.83	-65.71	-73.60
-81.59	-65.77	-74.10
-81.33	-66.14	-74.10
-81.08	-66.19	-75.02
-80.82	-66.53	-75.02
-80.56	-66.59	-75.70
-80.31	-66.81	-75.70
-80.07	-66.96	-76.94
-79.79	-66.93	-76.94
-79.55	-66.93	-76.41
-79.17	-67.09	-76.41
-79.04	-67.16	-76.18
-78.78	-66.91	-76.18
-78.54	-67.16	-77.66
-78.27	-67.10	-77.66
-78.01	-66.64	-79.52
-77.77	-66.54	-79.52
-77.50	-66.17	-80.90
-77.26	-66.17	-80.90
-76.73	-65.17	-82.26
-76.60	-64.74	-82.26
-76.23	-64.36	-81.29
-75.99	-63.77	-81.29
-75.72	-63.16	-82.26
-75.33	-62.60	-82.26
-75.09	-62.08	-83.02
-74.82	-61.52	-83.02
-74.58	-61.00	-82.03
-74.34	-60.38	-82.03
-74.07	-59.88	-82.91
-73.70	-59.32	-82.91
-73.33	-58.77	-80.63
-73.06	-58.31	-80.63
-72.80	-57.88	-81.62
-72.56	-57.44	-81.62
-72.32	-57.08	-82.01
-71.94	-56.71	-81.80
-71.68	-56.41	-81.80
-71.42	-56.05	-79.80
-71.15	-55.75	-79.80
-70.91	-55.43	-80.56
-70.65	-55.16	-80.56
-70.38	-55.16	-79.68
-70.16	-54.92	-79.68
-69.88	-54.73	-79.29
-69.53	-54.55	-77.74
-69.39	-54.39	-77.74
-69.15	-54.24	-76.51
-68.89	-54.09	-76.51
-68.51	-54.02	-75.69
-68.27	-53.97	-75.69
-68.03	-53.93	-74.78
-67.64	-53.93	-74.78
-67.39	-53.96	-75.51
-67.11	-54.03	-75.51
-66.87	-54.10	-74.18
-66.63	-54.22	-74.18
-66.21	-54.40	-74.16
-65.97	-54.61	-74.16
-65.68	-54.83	-73.46
-65.44	-55.13	-73.11
-65.06	-55.48	-73.11
-64.80	-55.87	-72.07
-64.56	-56.28	-72.07
-64.30	-56.81	-71.94
-63.92	-57.42	-71.94
-63.66	-58.09	-72.54
-63.42	-58.89	-72.54
-63.18	-59.80	-72.21
-62.80	-60.95	-72.21
-62.54	-62.35	-71.81
-62.27	-64.15	-71.81
-62.01	-64.15	-71.52
-61.64	-69.16	-71.52
-61.37	-72.28	-71.76
-61.13	-73.64	-71.76
-60.89	-73.64	-70.94
-60.63	-70.67	-70.94
-60.25	-67.24	-70.45
-59.99	-64.35	-70.45
-59.73	-62.15	-70.51
-59.64	-60.27	-70.51
-59.24	-58.72	-69.88
-58.98	-57.38	-69.88
-58.74	-56.16	-69.72
-58.47	-55.13	-69.72
-58.23	-54.12	-68.78
-57.97	-53.27	-68.78
-57.73	-52.40	-68.81
-57.33	-51.66	-68.81
-57.07	-50.96	-68.67
-56.85	-50.33	-68.67
-56.58	-49.75	-68.69
-56.21	-49.23	-68.69
-55.95	-48.74	-68.83
-55.70	-48.30	-68.83
-55.33	-47.87	-68.39
-55.07	-47.49	-68.39
-54.80	-47.49	-68.28
-54.56	-47.15	-68.28
-54.30	-46.84	-68.62
-54.03	-46.56	-68.62
-53.77	-46.32	-68.68
-53.51	-46.10	-68.68
-53.26	-45.92	-68.26
-53.00	-45.79	-68.26
-52.74	-45.67	-68.45
-52.47	-45.59	-68.45
-52.10	-45.56	-68.29
-51.86	-45.55	-68.29
-51.59	-45.59	-68.50
-51.35	-45.66	-68.50
-50.98	-45.77	-69.03
-50.72	-45.92	-69.03
-50.47	-46.13	-68.33
-50.21	-46.13	-68.33
-49.97	-46.68	-68.68
-49.60	-47.05	-68.59
-49.33	-47.46	-68.59
-49.09	-47.95	-68.08
-48.72	-48.49	-68.08
-48.45	-49.13	-68.19
-48.19	-49.86	-68.19
-47.93	-50.71	-67.87
-47.55	-51.66	-67.87
-47.31	-52.78	-68.13
-46.94	-54.03	-68.13
-46.67	-55.50	-68.24
-46.41	-57.24	-68.24
-46.17	-59.35	-69.15
-45.93	-61.94	-69.15
-45.66	-64.76	-70.01
-45.29	-66.51	-70.01
-45.05	-65.33	-69.75
-44.80	-62.99	-69.75
-44.54	-60.79	-69.54
-44.17	-59.00	-69.54
-43.88	-57.64	-69.98
-43.64	-56.48	-69.98
-43.38	-55.60	-70.07
-42.98	-54.93	-70.07
-42.76	-54.38	-70.78
-42.50	-54.07	-70.78
-42.10	-53.84	-71.31
-41.86	-53.73	-71.31
-41.60	-53.68	-72.85
-41.36	-53.73	-72.61
-40.98	-53.76	-72.61
-40.70	-53.83	-72.61
-40.45	-53.83	-72.76
-40.19	-53.70	-72.76
-39.82	-53.38	-74.01
-39.55	-52.88	-74.01
-39.29	-52.15	-74.27
-39.05	-51.28	-74.27
-38.65	-50.30	-75.08
-38.41	-49.24	-75.08
-38.17	-48.22	-76.31
-37.91	-47.25	-76.31
-37.53	-46.27	-75.05
-37.27	-45.39	-75.05
-36.89	-44.55	-73.70
-36.65	-43.77	-73.70
-36.41	-43.05	-72.49
-36.15	-42.40	-72.49
-35.91	-41.80	-71.46
-35.51	-41.24	-71.46
-35.27	-40.75	-71.86
-35.03	-40.30	-71.86
-34.74	-39.91	-70.77
-34.50	-39.57	-70.77
-34.10	-39.28	-69.23
-33.86	-39.04	-69.23
-33.62	-38.87	-68.39
-33.36	-38.73	-68.39
-32.98	-38.65	-67.72
-32.74	-38.62	-67.72
-32.50	-38.64	-66.78
-32.24	-38.73	-66.78
-31.88	-38.86	-65.50
-31.62	-39.06	-65.50
-31.36	-39.32	-65.12
-31.12	-39.63	-65.12
-30.74	-40.01	-64.47
-30.48	-40.46	-64.47
-30.19	-40.97	-63.88
-29.82	-41.52	-63.88
-29.55	-42.11	-63.54
-29.31	-42.72	-63.54
-29.05	-43.28	-62.82
-28.79	-43.76	-62.82
-28.54	-44.05	-62.33
-28.30	-44.05	-62.33
-28.04	-44.10	-61.27
-27.78	-43.90	-61.27
-27.53	-43.47	-60.96
-27.29	-42.86	-60.96
-27.03	-42.15	-60.52
-26.79	-41.42	-60.52
-26.41	-40.68	-60.33
-26.15	-39.99	-59.93
-25.91	-39.34	-59.93
-25.62	-38.75	-59.80
-25.38	-38.22	-59.80
-25.01	-37.77	-59.67
-24.76	-37.38	-59.67
-24.50	-37.06	-59.28
-24.13	-36.80	-59.28
-23.86	-36.60	-59.01
-23.62	-36.47	-58.74
-23.38	-36.39	-58.74
-23.01	-36.37	-58.49
-22.74	-36.41	-58.49
-22.48	-36.52	-58.42
-22.24	-36.69	-58.42
-21.86	-36.92	-58.30
-21.62	-37.23	-58.30
-21.36	-37.60	-58.14
-21.10	-38.06	-58.14
-20.70	-38.61	-57.91
-20.46	-39.25	-57.91
-20.24	-39.99	-57.79
-19.95	-40.82	-57.79
-19.60	-41.79	-57.65
-19.34	-42.91	-57.65
-19.07	-44.21	-57.55
-18.85	-45.78	-57.55
-18.46	-47.62	-57.46
-18.19	-49.98	-57.46
-17.95	-53.03	-57.44
-17.69	-53.03	-57.44
-17.45	-57.40	-57.49
-17.18	-65.00	-57.49
-16.92	-65.74	-57.49
-16.68	-58.80	-57.49
-16.41	-54.99	-57.53
-16.15	-52.62	-57.53
-15.91	-50.99	-57.51
-15.67	-49.90	-57.51
-15.40	-49.14	-57.53
-15.03	-48.67	-57.53
-14.77	-48.43	-57.56
-14.52	-48.38	-57.56
-14.15	-48.49	-57.71
-13.91	-48.79	-57.83
-13.65	-49.25	-57.83
-13.40	-49.82	-58.10
-13.03	-50.56	-58.10
-12.77	-51.38	-58.37
-12.53	-52.20	-58.37
-12.24	-52.84	-58.38
-12.00	-53.08	-58.38
-11.62	-52.82	-58.67
-11.36	-52.05	-58.67
-11.01	-51.06	-58.86
-10.75	-50.02	-58.86
-10.48	-48.99	-59.17
-10.24	-48.06	-59.17
-10.00	-47.31	-59.41
-9.76	-47.31	-59.41
-9.49	-46.63	-59.95
-9.23	-46.08	-59.95
-9.01	-45.64	-60.06
-8.75	-45.32	-60.06
-8.48	-45.11	-60.36
-8.24	-44.98	-60.36
-7.98	-44.95	-60.93
-7.73	-45.02	-60.93
-7.34	-45.19	-61.34
-7.10	-45.42	-61.34
-6.86	-45.77	-61.42
-6.59	-46.20	-61.42
-6.22	-46.73	-62.06
-5.95	-47.36	-62.06
-5.71	-48.10	-62.33
-5.34	-48.91	-62.33
-5.08	-49.87	-62.67
-4.83	-50.91	-62.67
-4.57	-52.08	-63.27
-4.31	-52.08	-63.27
-4.09	-53.43	-63.24
-3.80	-55.02	-63.24
-3.56	-56.73	-63.54
-3.30	-58.94	-63.54
-3.03	-61.32	-64.08
-2.77	-64.65	-64.08
-2.53	-68.52	-64.30
-2.29	-70.06	-64.30
-1.91	-66.31	-64.71
-1.65	-62.59	-64.71
-1.41	-59.60	-64.56
-1.01	-57.21	-64.56
-0.77	-55.37	-64.72
-0.55	-53.76	-64.72
-0.26	-52.43	-64.41
-0.02	-51.32	-64.41
0.35	-50.26	-64.58
0.62	-49.37	-64.58
0.86	-48.67	-64.41
1.25	-48.13	-64.41
1.49	-47.65	-64.46
1.78	-47.38	-64.46
2.04	-47.17	-64.08
2.24	-47.08	-64.08
2.61	-47.07	-64.10
2.90	-46.98	-64.10
3.14	-46.84	-64.10
3.49	-46.55	-64.10
3.76	-45.97	-63.53
4.00	-45.05	-63.58
4.24	-43.90	-63.58
4.50	-42.54	-63.46
4.75	-41.15	-63.46
5.12	-39.73	-63.35
5.38	-38.32	-63.02
5.76	-37.03	-63.02
6.04	-35.73	-63.02
6.31	-34.54	-62.95
6.55	-33.48	-62.95
6.88	-32.51	-62.71
7.14	-31.66	-62.71
7.43	-30.74	-62.51
7.65	-29.96	-62.51
7.89	-29.96	-62.24
8.17	-29.29	-62.24
8.42	-28.61	-62.08
8.66	-28.00	-62.08
8.90	-27.46	-62.18
9.16	-26.92	-62.18
9.40	-26.47	-62.08
9.67	-26.04	-61.96
9.93	-25.66	-61.96
10.31	-25.33	-61.96
10.61	-25.02	-61.87
10.88	-24.76	-61.87
11.12	-24.55	-61.87
11.45	-24.40	-61.87
11.71	-24.28	-62.06
12.00	-24.20	-62.06
12.24	-24.15	-62.22
12.59	-24.14	-62.22
12.81	-24.17	-62.43
13.07	-24.25	-62.43
13.32	-24.36	-62.37
13.58	-24.51	-62.37
13.95	-24.70	-62.80
14.20	-24.94	-62.80
14.46	-25.23	-62.72
14.83	-25.56	-62.72
15.12	-25.95	-63.08
15.40	-26.42	-63.08
15.60	-26.93	-63.32
15.82	-27.41	-63.32
16.08	-28.01	-63.76
16.35	-28.01	-63.76
16.61	-28.73	-64.54
16.83	-29.45	-64.54
17.21	-30.23	-65.38
17.47	-31.14	-65.38
17.69	-32.15	-65.76
17.97	-33.21	-65.76
18.22	-34.52	-66.90
18.46	-35.93	-66.90
18.72	-37.58	-68.20
19.10	-39.55	-68.20
19.38	-41.89	-69.91
19.80	-45.02	-69.91
20.04	-49.54	-71.95
20.26	-55.41	-71.95
20.50	-57.63	-73.16
20.79	-52.24	-73.16
21.05	-48.46	-73.51
21.42	-46.12	-73.51
21.67	-44.62	-74.65
21.91	-43.58	-74.65
22.15	-42.88	-73.53
22.41	-42.45	-73.53
22.77	-42.23	-72.24
23.03	-42.21	-72.24
23.42	-42.38	-70.16
23.67	-42.76	-68.17
24.06	-43.33	-68.17
24.37	-44.21	-68.17
24.68	-45.42	-66.65
24.92	-48.41	-65.69
25.36	-51.03	-65.69
25.60	-55.29	-65.69
25.95	-63.18	-64.49
26.17	-69.10	-64.49
26.59	-56.64	-63.47
26.79	-51.80	-63.47
27.14	-49.03	-62.41
27.38	-46.97	-62.41
27.71	-44.01	-61.44
27.93	-42.91	-61.44
28.19	-41.97	-61.17
28.52	-41.24	-61.17
28.85	-40.66	-60.50
29.03	-40.17	-60.50
29.12	-39.81	-59.74
29.49	-39.51	-59.74
29.80	-39.27	-59.19
30.10	-38.72	-59.19
30.13	-38.72	-58.89
30.15	-38.72	-58.89
30.17	-38.71	-58.56
30.19	-38.70	-58.56
30.21	-38.70	-58.36
30.24	-38.70	-58.36
30.26	-38.69	-58.32
30.28	-38.69	-58.32
30.30	-38.69	-58.14
30.32	-38.69	-58.14
30.35	-38.69	-58.14
30.37	-38.68	-58.14
30.39	-38.68	-58.01
30.41	-38.67	-58.01
30.46	-38.67	-57.99
30.48	-38.67	-57.99
30.52	-38.66	-58.04
30.54	-38.66	-58.04
30.59	-38.66	-58.31
30.61	-38.66	-58.48
30.65	-38.67	-58.48
30.68	-38.67	-58.57
30.72	-38.69	-58.57
30.74	-38.69	-58.79
30.76	-38.69	-58.79
30.83	-38.68	-59.03
30.85	-38.68	-59.03
30.90	-38.71	-59.69
30.94	-38.73	-59.69
31.01	-38.73	-59.99
31.03	-38.77	-59.99
31.05	-38.77	-60.52
31.09	-38.77	-60.52
31.14	-38.80	-61.14
31.20	-38.80	-61.14
31.27	-38.85	-61.72
31.33	-38.85	-61.72
31.38	-38.93	-62.41
31.42	-38.93	-62.41
31.47	-39.00	-63.07
31.51	-39.00	-63.07
31.58	-39.07	-64.03
31.62	-39.07	-64.03
31.69	-39.18	-64.89
31.75	-39.18	-64.89
31.80	-39.18	-65.81
31.86	-39.30	-65.81
31.93	-39.30	-66.79
31.99	-39.41	-66.79
32.06	-39.41	-68.25
32.13	-39.41	-68.25
32.19	-39.57	-68.67
32.26	-39.57	-68.67
32.32	-39.75	-69.64
32.39	-39.75	-69.64
32.46	-39.94	-69.83
32.54	-39.94	-70.65
32.65	-40.20	-70.65
32.74	-40.20	-70.57
32.81	-40.20	-70.37
32.87	-40.50	-70.37
32.94	-40.78	-70.39
33.00	-40.78	-70.39
33.11	-41.11	-70.68
33.27	-41.11	-70.68
33.33	-41.48	-70.52
33.42	-41.48	-70.52
33.49	-41.48	-69.99
33.55	-41.82	-69.99
33.66	-41.82	-70.10
33.75	-42.24	-70.10
33.84	-42.24	-70.35
33.91	-42.72	-70.35
34.02	-42.72	-70.84
34.10	-43.24	-70.70
34.19	-43.24	-70.70
34.26	-43.24	-71.20
34.37	-43.82	-71.20
34.46	-43.82	-71.37
34.54	-44.45	-71.37
34.63	-44.45	-71.85
34.74	-45.19	-71.85
34.85	-45.19	-72.58
34.94	-45.98	-72.58
35.03	-45.98	-73.62
35.14	-45.98	-73.62
35.22	-46.87	-74.18
35.31	-46.87	-74.18
35.42	-47.81	-74.61
35.51	-47.81	-74.61
35.60	-48.89	-77.01
35.71	-48.89	-77.01
35.80	-49.97	-78.33
35.91	-49.97	-78.33
36.02	-51.36	-78.55
36.13	-51.36	-80.53
36.26	-52.92	-80.53
36.35	-52.92	-80.53
36.45	-52.92	-81.32
36.59	-54.79	-81.32
36.67	-54.79	-84.11
36.81	-56.78	-85.92
36.94	-56.78	-85.92
37.05	-58.94	-86.65
37.18	-58.94	-86.65
37.31	-58.94	-93.49
37.44	-60.64	-93.49
37.58	-60.64	-92.62
37.71	-61.03	-92.62
37.82	-61.03	-88.47
37.93	-60.04	-88.47
38.06	-60.04	-88.54
38.17	-58.50	-88.54
38.30	-58.50	-86.54
38.41	-58.50	-81.07
38.52	-57.24	-81.07
38.63	-57.24	-81.07
38.76	-56.20	-80.52
38.87	-56.20	-80.52
39.05	-55.25	-75.90
39.18	-55.25	-75.90
39.31	-54.49	-73.66
39.42	-54.49	-73.66
39.51	-54.49	-72.94
39.64	-54.06	-72.94
39.79	-54.06	-71.64
39.90	-53.65	-70.14
40.04	-53.29	-70.14
40.26	-53.29	-68.75
40.37	-53.10	-68.75
40.50	-53.10	-68.05
40.61	-53.10	-68.05
40.74	-52.90	-66.84
40.87	-52.90	-66.84
41.03	-52.77	-65.40
41.16	-52.77	-65.40
41.27	-52.74	-65.40
41.38	-52.74	-64.22
41.51	-52.58	-63.20
41.62	-52.58	-63.20
41.79	-52.58	-63.20
41.93	-52.37	-62.34
42.06	-52.37	-62.34
42.19	-51.96	-61.51
42.30	-51.96	-61.51
42.41	-51.62	-60.70
42.54	-51.62	-60.70
42.67	-51.05	-60.04
42.92	-51.05	-59.36
43.03	-50.56	-59.36
43.16	-50.56	-58.82
43.31	-50.03	-58.31
43.42	-50.03	-58.31
43.55	-50.03	-57.90
43.68	-49.46	-57.90
43.79	-49.46	-57.49
43.93	-48.85	-57.49
44.06	-48.85	-57.13
44.19	-48.28	-57.13
44.32	-48.28	-56.86
44.41	-47.72	-56.86
44.54	-47.72	-56.61
44.67	-47.72	-56.40
44.76	-47.11	-56.40
44.91	-47.11	-56.16
45.02	-46.60	-56.16
45.13	-46.60	-55.99
45.29	-46.09	-55.99
45.42	-46.09	-56.04
45.53	-45.56	-55.96
45.68	-45.56	-55.96
45.82	-45.07	-55.85
45.95	-45.07	-55.84
46.08	-44.55	-55.84
46.21	-44.55	-55.77
46.34	-44.13	-55.87
46.48	-44.13	-55.87
46.58	-44.13	-56.08
46.72	-43.78	-56.08
46.85	-43.78	-56.16
46.96	-43.41	-56.27
47.09	-43.41	-56.27
47.20	-43.10	-56.37
47.33	-43.10	-56.57
47.46	-43.10	-56.57
47.60	-42.80	-56.63
47.73	-42.80	-56.63
47.84	-42.52	-56.86
47.95	-42.52	-57.06
48.08	-42.28	-57.06
48.23	-42.28	-57.13
48.34	-42.07	-57.32
48.45	-42.07	-57.32
48.58	-42.07	-57.47
48.69	-41.87	-57.51
48.83	-41.87	-57.51
48.96	-41.68	-57.67
49.09	-41.68	-57.67
49.20	-41.54	-57.79
49.31	-41.54	-57.86
49.57	-41.41	-57.86
49.68	-41.41	-57.98
49.82	-41.30	-58.26
49.95	-41.30	-58.26
50.06	-41.20	-58.51
50.19	-41.20	-58.47
50.32	-41.12	-58.47
50.43	-41.12	-58.39
50.58	-41.05	-58.35
50.69	-41.05	-58.39
50.80	-41.05	-58.39
50.96	-41.01	-58.31
51.09	-41.01	-57.97
51.20	-40.96	-57.97
51.33	-40.96	-57.59
51.44	-40.93	-57.59
51.70	-40.93	-57.42
51.81	-40.93	-56.96
51.95	-40.93	-56.64
52.06	-40.94	-56.64
52.17	-40.94	-56.22
52.30	-40.94	-56.22
52.43	-40.95	-56.09
52.54	-40.95	-56.09
52.69	-40.96	-55.72
52.80	-40.96	-55.50
52.91	-41.01	-55.06
53.05	-41.01	-54.84
53.18	-41.05	-54.84
53.31	-41.05	-54.74
53.42	-41.05	-54.64
53.55	-41.11	-54.59
53.66	-41.11	-54.64
53.79	-41.16	-54.64
53.90	-41.16	-54.54
54.03	-41.23	-54.51
54.17	-41.23	-54.51
54.28	-41.28	-54.84
54.41	-41.28	-54.96
54.56	-41.28	-54.96
54.67	-41.35	-55.10
54.80	-41.35	-55.17
54.94	-41.43	-55.17
55.07	-41.43	-55.42
55.20	-41.53	-56.01
55.33	-41.53	-56.01
55.46	-41.62	-56.65
55.59	-41.62	-57.35
55.84	-41.70	-57.35
55.97	-41.70	-58.03
56.10	-41.79	-58.67
56.23	-41.79	-58.67
56.34	-41.91	-59.26
56.47	-41.91	-60.16
56.61	-42.01	-60.16
56.71	-42.01	-60.81
56.87	-42.01	-61.70
56.98	-42.08	-62.31
57.09	-42.19	-62.31
57.24	-42.19	-62.95
57.48	-42.19	-63.22
57.62	-42.27	-63.22
57.75	-42.39	-63.72
57.86	-42.39	-63.62
57.99	-42.49	-63.53
58.12	-42.49	-63.53
58.25	-42.59	-63.38
58.47	-42.59	-63.27
58.60	-42.71	-63.13
58.74	-42.71	-63.13
58.85	-42.82	-63.02
58.98	-42.82	-63.01
59.11	-42.95	-63.01
59.22	-42.95	-62.85
59.40	-43.08	-62.99
59.53	-43.08	-62.99
59.77	-43.08	-63.50
59.88	-43.19	-63.50
60.01	-43.30	-63.94
60.16	-43.30	-64.57
60.27	-43.44	-64.57
60.52	-43.44	-65.02
60.63	-43.59	-65.63
60.76	-43.59	-65.63
60.89	-43.72	-66.66
61.02	-43.72	-67.52
61.13	-43.84	-67.52
61.26	-43.84	-68.28
61.37	-44.00	-69.53
61.64	-44.00	-69.53
61.77	-44.14	-70.85
61.88	-44.14	-71.29
61.99	-44.29	-71.29
62.12	-44.29	-70.81
62.25	-44.44	-70.41
62.36	-44.44	-70.01
62.49	-44.62	-69.32
62.71	-44.62	-69.32
62.85	-44.78	-68.70
63.00	-44.78	-68.21
63.11	-44.97	-68.21
63.24	-44.97	-67.41
63.35	-45.11	-67.38
63.46	-45.11	-67.38
63.61	-45.11	-66.28
63.75	-45.27	-65.42
63.86	-45.27	-65.42
63.99	-45.48	-64.53
64.10	-45.48	-64.72
64.23	-45.66	-64.72
64.36	-45.66	-64.18
64.49	-45.88	-63.93
64.76	-45.88	-63.93
64.85	-46.06	-64.14
64.98	-46.06	-64.38
65.11	-46.28	-64.16
65.22	-46.28	-64.63
65.35	-46.49	-64.63
65.59	-46.49	-64.54
65.72	-46.70	-64.40
65.86	-46.70	-64.40
65.99	-46.91	-64.62
66.10	-46.91	-64.81
66.21	-47.09	-64.81
66.34	-47.09	-64.70
66.47	-47.37	-64.95
66.74	-47.37	-64.95
66.84	-47.60	-65.05
66.95	-47.60	-65.05
67.24	-47.82	-65.01
67.35	-48.04	-65.00
67.48	-48.04	-65.00
67.72	-48.28	-64.53
67.88	-48.28	-64.06
67.99	-48.57	-64.06
68.14	-48.57	-63.76
68.27	-48.79	-63.60
68.38	-48.79	-63.60
68.51	-49.06	-63.23
68.65	-49.06	-63.01
68.78	-49.28	-63.01
68.91	-49.28	-62.65
69.02	-49.60	-62.31
69.31	-49.60	-62.04
69.42	-49.82	-62.04
69.55	-49.82	-61.70
69.66	-50.09	-61.70
69.77	-50.09	-61.35
69.92	-50.39	-61.19
70.05	-50.39	-61.19
70.29	-50.70	-61.09
70.40	-50.70	-60.88
70.54	-50.96	-60.88
70.80	-50.96	-60.64
70.93	-51.26	-60.48
71.04	-51.26	-60.48
71.15	-51.63	-60.14
71.28	-51.63	-59.85
71.44	-51.71	-59.85
71.55	-51.71	-59.67
71.68	-51.93	-59.34
71.90	-51.93	-59.34
72.05	-52.23	-59.01
72.16	-52.23	-58.86
72.29	-52.59	-58.86
72.43	-52.59	-58.71
72.54	-52.82	-58.54
72.67	-52.82	-58.54
72.80	-53.16	-58.43
72.93	-53.16	-58.32
73.06	-53.52	-58.37
73.31	-53.52	-58.46
73.44	-53.79	-58.46
73.57	-53.79	-58.43
73.68	-54.08	-58.51
73.81	-54.08	-58.51
73.92	-54.52	-58.68
74.05	-54.52	-58.98
74.18	-54.90	-58.98
74.43	-54.90	-59.46
74.56	-55.16	-60.00
74.65	-55.16	-60.00
74.78	-55.52	-60.49
74.91	-55.52	-61.01
75.04	-55.82	-61.01
75.17	-55.82	-61.65
75.39	-56.22	-62.64
75.52	-56.22	-62.64
75.66	-56.49	-63.72
75.77	-56.49	-64.89
75.90	-56.81	-64.89
76.03	-56.81	-65.72
76.12	-57.12	-66.72
76.25	-57.12	-66.72
76.51	-57.62	-67.30
76.65	-57.62	-67.22
76.76	-57.99	-67.22
76.89	-57.99	-66.75
77.02	-58.17	-66.04
77.13	-58.17	-66.04
77.28	-58.63	-64.95
77.41	-58.63	-64.00
77.66	-58.93	-64.00
77.79	-58.93	-63.22
77.92	-59.18	-62.53
78.05	-59.18	-62.53
78.16	-59.68	-61.84
78.29	-59.68	-61.29
78.43	-60.11	-61.29
78.67	-60.11	-60.82
78.80	-60.48	-60.82
78.91	-60.48	-60.50
79.04	-60.83	-60.12
79.17	-60.83	-60.12
79.30	-61.04	-59.89
79.44	-61.04	-59.64
79.57	-61.54	-59.64
79.68	-61.54	-59.60
79.81	-61.96	-59.61
80.07	-61.96	-59.61
80.21	-62.19	-59.51
80.32	-62.19	-59.66
80.45	-62.78	-59.66
80.58	-62.78	-59.83
80.71	-62.78	-60.09
80.84	-63.16	-60.09
80.95	-63.16	-60.22
81.08	-63.65	-60.50
81.22	-63.65	-60.50
81.33	-63.78	-60.77
81.48	-63.78	-61.10
81.61	-64.33	-61.42
81.72	-64.33	-61.90
81.85	-64.90	-61.90
82.12	-64.90	-62.36
82.25	-65.44	-62.97
82.36	-65.44	-62.97
82.49	-65.99	-63.49
82.62	-65.99	-64.06
82.75	-66.82	-64.06
82.89	-66.82	-64.39
83.00	-66.92	-65.18
83.24	-66.92	-65.18
83.37	-67.47	-65.86
83.48	-67.47	-66.52
83.63	-67.55	-66.52
83.74	-67.55	-67.23
83.85	-68.20	-68.02
83.98	-68.20	-68.02
84.12	-68.63	-68.45
84.38	-68.12	-68.56
84.62	-68.12	-68.56
84.75	-69.34	-68.77
85.00	-70.44	-69.07
85.13	-70.44	-69.07
85.22	-70.44	-69.37
85.35	-71.01	-68.61
85.48	-71.01	-68.56
85.59	-70.96	-68.63
85.74	-70.96	-68.63
85.85	-71.47	-68.95
85.96	-71.47	-68.69
86.09	-71.96	-68.99
86.23	-71.96	-69.39
86.36	-72.30	-69.39
86.60	-72.30	-69.40
86.73	-72.56	-69.51
86.86	-72.56	-69.51
87.00	-73.60	-69.70
87.24	-74.10	-70.05
87.35	-74.10	-70.05
87.48	-75.02	-70.66
87.72	-75.02	-71.19
87.85	-75.70	-71.19
87.98	-75.70	-71.49
88.09	-76.94	-72.56
88.20	-76.94	-72.56
88.34	-76.41	-73.69
88.47	-76.41	-73.69
88.58	-76.18	-74.87
88.84	-76.18	-75.49
88.97	-77.66	-75.49
89.08	-77.66	-76.65
89.21	-79.52	-76.99
89.35	-79.52	-76.11
89.43	-80.90	-76.37
89.57	-80.90	-76.37
89.70	-82.26	-75.10
89.96	-82.26	-73.49
90.09	-81.29	-71.68
90.20	-81.29	-70.45
90.34	-82.26	-70.45
90.47	-82.26	-69.37
90.62	-83.02	-68.29
90.75	-83.02	-68.29
90.86	-82.03	-67.57
91.15	-82.03	-66.74
91.28	-82.91	-66.74
91.41	-82.91	-65.97
91.52	-80.63	-65.45
91.65	-80.63	-65.45
91.90	-81.62	-64.71
92.05	-81.62	-64.31
92.16	-82.01	-64.31
92.42	-81.80	-63.65
92.55	-81.80	-63.69
92.66	-79.80	-63.69
92.80	-79.80	-63.26
92.93	-80.56	-62.92
93.17	-80.56	-62.60
93.30	-79.68	-62.39
93.43	-79.68	-62.39
93.57	-79.29	-62.12
93.65	-77.74	-62.07
93.92	-77.74	-62.07
94.03	-76.51	-62.12
94.29	-76.51	-62.17
94.40	-75.69	-62.17
94.53	-75.69	-61.81
94.66	-74.78	-61.75
94.80	-74.78	-61.75
94.91	-75.51	-61.30
95.04	-75.51	-61.30
95.17	-74.18	-61.30
95.41	-74.18	-61.42
95.56	-74.16	-61.30
95.70	-74.16	-61.30
95.78	-73.46	-61.56
96.05	-73.11	-61.75
96.18	-73.11	-61.64
96.31	-72.07	-61.34
96.55	-72.07	-61.34
96.69	-71.94	-61.59
96.80	-71.94	-61.15
96.93	-72.54	-61.15
97.06	-72.54	-61.19
97.17	-72.21	-61.10
97.30	-72.21	-61.10
97.43	-71.81	-60.91
97.67	-71.81	-61.31
97.81	-71.52	-61.58
97.89	-71.52	-61.25
98.03	-71.76	-61.25
98.16	-71.76	-61.05
98.27	-70.94	-61.15
98.40	-70.94	-61.15
98.58	-70.45	-60.93
98.71	-70.45	-60.52
98.84	-70.51	-60.52
98.95	-70.51	-60.20
99.08	-69.88	-60.02
99.32	-69.88	-59.85
99.45	-69.72	-59.85
99.59	-69.72	-59.91
99.70	-68.78	-59.59
99.83	-68.78	-59.53
99.94	-68.81	-59.29
100.07	-68.81	-59.29
100.20	-68.67	-59.20
100.44	-68.67	-58.99
100.58	-68.69	-58.99
100.68	-68.69	-58.78
100.82	-68.83	-58.63
100.95	-68.83	-58.63
101.06	-68.39	-58.44
101.19	-68.39	-58.35
101.32	-68.28	-58.34
101.56	-68.28	-58.19
101.70	-68.62	-58.19
101.83	-68.62	-58.02
101.96	-68.68	-57.99
102.07	-68.68	-57.96
102.20	-68.26	-57.93
102.35	-68.26	-57.93
102.44	-68.45	-57.90
102.73	-68.45	-57.92
102.84	-68.29	-57.92
102.97	-68.29	-57.95
103.10	-68.50	-58.01
103.21	-68.50	-58.01
103.34	-69.03	-58.06
103.59	-69.03	-58.06
103.74	-68.33	-58.13
103.85	-68.33	-58.26
104.00	-68.68	-58.26
104.13	-68.59	-58.42
104.38	-68.59	-58.61
104.51	-68.08	-58.75
104.77	-68.08	-58.84
104.88	-68.19	-58.84
105.04	-68.19	-58.96
105.15	-67.87	-59.12
105.26	-67.87	-59.32
105.41	-68.13	-59.51
105.54	-68.13	-59.51
105.65	-68.24	-59.68
105.91	-68.24	-59.82
106.05	-69.15	-59.82
106.18	-69.15	-59.98
106.29	-70.01	-60.19
106.42	-70.01	-60.36
106.57	-69.75	-60.43
106.66	-69.75	-60.43
106.82	-69.54	-60.50
107.04	-69.54	-60.62
107.19	-69.98	-60.62
107.32	-69.98	-60.58
107.41	-70.07	-60.65
107.56	-70.07	-60.59
107.67	-70.78	-60.59
107.80	-70.78	-60.62
107.94	-71.31	-60.55
108.18	-71.31	-60.50
108.33	-72.85	-60.35
108.44	-72.61	-60.35
108.57	-72.61	-60.17
108.71	-72.61	-60.13
108.82	-72.76	-60.05
108.97	-72.76	-59.89
109.08	-74.01	-59.83
109.34	-74.01	-59.69
109.45	-74.27	-59.69
109.58	-74.27	-59.51
109.72	-75.08	-59.24
109.80	-75.08	-59.13
109.94	-76.31	-59.13
110.07	-76.31	-58.88
110.18	-75.05	-58.75
110.42	-75.05	-58.75
110.53	-73.70	-58.62
110.66	-73.70	-58.50
110.79	-72.49	-58.50
110.88	-72.49	-58.42
111.03	-71.46	-58.32
111.14	-71.46	-58.25
111.25	-71.86	-58.12
111.52	-71.86	-58.08
111.63	-70.77	-58.00
111.76	-70.77	-58.00
111.87	-69.23	-57.96
111.98	-69.23	-57.90
112.11	-68.39	-57.89
112.24	-68.39	-57.91
112.35	-67.72	-57.86
112.62	-67.72	-57.93
112.75	-66.78	-57.96
112.88	-66.78	-57.95
112.99	-65.50	-57.95
113.14	-65.50	-57.98
113.28	-65.12	-58.07
113.39	-65.12	-58.13
113.52	-64.47	-58.16
113.78	-64.47	-58.24
113.91	-63.88	-58.33
114.02	-63.88	-58.47
114.15	-63.54	-58.63
114.29	-63.54	-58.63
114.40	-62.82	-58.75
114.53	-62.82	-58.99
114.66	-62.33	-59.10
114.90	-62.33	-59.31
115.06	-61.27	-59.51
115.17	-61.27	-59.65
115.30	-60.96	-59.88
115.41	-60.96	-60.04
115.54	-60.52	-60.29
115.80	-60.52	-60.47
115.96	-60.33	-60.47
116.07	-59.93	-60.70
116.18	-59.93	-60.99
116.31	-59.80	-61.25
116.55	-59.80	-61.54
116.70	-59.67	-61.81
116.95	-59.67	-61.99
117.08	-59.28	-62.26
117.21	-59.28	-62.48
117.34	-59.01	-62.48
117.47	-58.74	-62.88
117.74	-58.74	-63.10
117.87	-58.49	-63.40
118.15	-58.49	-63.67
118.26	-58.42	-63.92
118.40	-58.42	-64.25
118.53	-58.30	-64.52
118.64	-58.30	-65.07
118.77	-58.14	-65.23
118.90	-58.14	-65.23
119.03	-57.91	-65.45
119.30	-57.91	-65.71
119.43	-57.79	-65.77
119.54	-57.79	-66.14
119.67	-57.65	-66.19
119.80	-57.65	-66.53
119.93	-57.55	-66.59
120.04	-57.55	-66.81
120.18	-57.46	-66.96
120.42	-57.46	-66.93
120.55	-57.44	-66.93
120.68	-57.44	-67.09
120.79	-57.49	-67.16
120.92	-57.49	-66.91
121.03	-57.49	-67.16
121.16	-57.49	-67.10
121.30	-57.53	-66.64
121.54	-57.53	-66.54
121.67	-57.51	-66.17
121.78	-57.51	-66.17
121.91	-57.53	-65.17
122.04	-57.53	-64.74
122.15	-57.56	-64.36
122.29	-57.56	-63.77
122.42	-57.71	-63.16
122.66	-57.83	-62.60
122.88	-57.83	-62.08
122.99	-58.10	-61.52
123.12	-58.10	-61.00
123.21	-58.37	-60.38
123.36	-58.37	-59.88
123.47	-58.38	-59.32
123.74	-58.38	-58.77
123.87	-58.67	-58.31
124.02	-58.67	-57.88
124.15	-58.86	-57.44
124.29	-58.86	-57.08
124.44	-59.17	-56.71
124.57	-59.17	-56.41
124.70	-59.41	-56.05
124.97	-59.41	-55.75
125.12	-59.95	-55.43
125.25	-59.95	-55.16
125.36	-60.06	-55.16
125.52	-60.06	-54.92
125.63	-60.36	-54.73
125.76	-60.36	-54.55
125.89	-60.93	-54.39
126.15	-60.93	-54.24
126.28	-61.34	-54.09
126.39	-61.34	-54.02
126.55	-61.42	-53.97
126.68	-61.42	-53.93
126.81	-62.06	-53.93
126.94	-62.06	-53.96
127.05	-62.33	-54.03
127.32	-62.33	-54.10
127.43	-62.67	-54.22
127.58	-62.67	-54.40
127.69	-63.27	-54.61
127.82	-63.27	-54.83
127.95	-63.24	-55.13
128.20	-63.24	-55.48
128.33	-63.54	-55.87
128.44	-63.54	-56.28
128.59	-64.08	-56.81
128.72	-64.08	-57.42
128.83	-64.30	-58.09
128.97	-64.30	-58.89
129.10	-64.71	-59.80
129.34	-64.71	-60.95
129.47	-64.56	-62.35
129.58	-64.56	-64.15
129.73	-64.72	-64.15
129.84	-64.72	-69.16
129.98	-64.41	-72.28
130.11	-64.41	-73.64
130.35	-64.58	-73.64
130.48	-64.58	-70.67
130.59	-64.41	-67.24
130.72	-64.41	-64.35
130.86	-64.46	-62.15
130.97	-64.46	-60.27
131.12	-64.08	-58.72
131.23	-64.08	-57.38
131.36	-64.10	-56.16
131.60	-64.10	-55.13
131.73	-64.10	-54.12
131.87	-64.10	-53.27
131.98	-63.53	-52.40
132.13	-63.58	-51.66
132.35	-63.58	-50.96
132.48	-63.46	-50.33
132.72	-63.46	-49.75
132.85	-63.35	-49.23
132.96	-63.02	-48.74
133.07	-63.02	-48.30
133.23	-63.02	-47.87
133.34	-62.95	-47.49
133.47	-62.95	-47.49
133.60	-62.71	-47.15
133.84	-62.71	-46.84
133.98	-62.51	-46.56
134.09	-62.51	-46.32
134.22	-62.24	-46.10
134.35	-62.24	-45.92
134.44	-62.08	-45.79
134.57	-62.08	-45.67
134.70	-62.18	-45.59
134.94	-62.18	-45.56
135.07	-62.08	-45.55
135.21	-61.96	-45.59
135.34	-61.96	-45.66
135.47	-61.96	-45.77
135.58	-61.87	-45.92
135.71	-61.87	-46.13
135.82	-61.87	-46.13
136.11	-61.87	-46.68
136.22	-62.06	-47.05
136.35	-62.06	-47.46
136.48	-62.22	-47.95
136.57	-62.22	-48.49
136.70	-62.43	-49.13
136.83	-62.43	-49.86
136.94	-62.37	-50.71
137.18	-62.37	-51.66
137.27	-62.80	-52.78
137.40	-62.80	-54.03
137.51	-62.72	-55.50
137.60	-62.72	-57.24
137.73	-63.08	-59.35
137.84	-63.08	-61.94
137.95	-63.32	-64.76
138.19	-63.32	-66.51
138.30	-63.76	-65.33
138.44	-63.76	-62.99
138.57	-64.54	-60.79
138.68	-64.54	-59.00
138.81	-65.38	-57.64
138.94	-65.38	-56.48
139.05	-65.76	-55.60
139.34	-65.76	-54.93
139.47	-66.90	-54.38
139.60	-66.90	-54.07
139.71	-68.20	-53.84
139.86	-68.20	-53.73
140.00	-69.91	-53.68
140.11	-69.91	-53.73
140.24	-71.95	-53.76
140.50	-71.95	-53.83
140.63	-73.16	-53.83
140.77	-73.16	-53.70
140.90	-73.51	-53.38
141.03	-73.51	-52.88
141.14	-74.65	-52.15
141.40	-74.65	-51.28
141.53	-73.53	-50.30
141.67	-73.53	-49.24
141.80	-72.24	-48.22
141.93	-72.24	-47.25
142.04	-70.16	-46.27
142.30	-68.17	-45.39
142.44	-68.17	-44.55
142.55	-68.17	-43.77
142.68	-66.65	-43.05
142.81	-65.69	-42.40
142.92	-65.69	-41.80
143.05	-65.69	-41.24
143.18	-64.49	-40.75
143.29	-64.49	-40.30
143.42	-63.47	-39.91
143.67	-63.47	-39.57
143.80	-62.41	-39.28
143.91	-62.41	-39.04
144.02	-61.44	-38.87
144.15	-61.44	-38.73
144.26	-61.17	-38.65
144.39	-61.17	-38.62
144.55	-60.50	-38.64
144.81	-60.50	-38.73
144.94	-59.74	-38.86
145.05	-59.74	-39.06
145.16	-59.19	-39.32
145.29	-59.19	-39.63
145.42	-58.89	-40.01
145.56	-58.89	-40.46
145.67	-58.56	-40.97
145.93	-58.56	-41.52
146.04	-58.36	-42.11
146.17	-58.36	-42.72
146.30	-58.32	-43.28
146.41	-58.32	-43.76
146.54	-58.14	-44.05
146.68	-58.14	-44.05
146.79	-58.14	-44.10
147.05	-58.14	-43.90
147.16	-58.01	-43.47
147.29	-58.01	-42.86
147.40	-57.99	-42.15
147.53	-57.99	-41.42
147.67	-58.04	-40.68
147.78	-58.04	-39.99
148.04	-58.31	-39.34
148.15	-58.48	-38.75
148.37	-58.48	-38.22
148.48	-58.57	-37.77
148.59	-58.57	-37.38
148.72	-58.79	-37.06
148.85	-58.79	-36.80
149.14	-59.03	-36.60
149.27	-59.03	-36.47
149.40	-59.69	-36.39
149.51	-59.69	-36.37
149.64	-59.99	-36.41
149.77	-59.99	-36.52
149.91	-60.52	-36.69
150.04	-60.52	-36.92
150.17	-61.14	-37.23
150.41	-61.14	-37.60
150.54	-61.72	-38.06
150.63	-61.72	-38.61
150.79	-62.41	-39.25
150.92	-62.41	-39.99
151.07	-63.07	-40.82
151.31	-63.07	-41.79
151.47	-64.03	-42.91
151.58	-64.03	-44.21
151.71	-64.89	-45.78
151.84	-64.89	-47.62
151.97	-65.81	-49.98
152.10	-65.81	-53.03
152.26	-66.79	-53.03
152.37	-66.79	-57.40
152.50	-68.25	-65.00
152.72	-68.25	-65.74
152.85	-68.67	-58.80
152.98	-68.67	-54.99
153.09	-69.64	-52.62
153.25	-69.64	-50.99
153.38	-69.83	-49.90
153.69	-70.65	-49.14
153.93	-70.65	-48.67
154.06	-70.57	-48.43
154.17	-70.37	-48.38
154.43	-70.37	-48.49
154.57	-70.39	-48.79
154.81	-70.39	-49.25
154.94	-70.68	-49.82
155.07	-70.68	-50.56
155.18	-70.52	-51.38
155.31	-70.52	-52.20
155.42	-69.99	-52.84
155.55	-69.99	-53.08
155.82	-70.10	-52.82
155.95	-70.10	-52.05
156.06	-70.35	-51.06
156.17	-70.35	-50.02
156.30	-70.84	-48.99
156.43	-70.70	-48.06
156.67	-70.70	-47.31
156.81	-71.20	-47.31
157.05	-71.20	-46.63
157.18	-71.37	-46.08
157.27	-71.37	-45.64
157.38	-71.85	-45.32
157.51	-71.85	-45.11
157.62	-72.58	-44.98
157.75	-72.58	-44.95
158.04	-73.62	-45.02
158.19	-73.62	-45.19
158.30	-74.18	-45.42
158.43	-74.18	-45.77
158.56	-74.61	-46.20
158.67	-74.61	-46.73
158.78	-77.01	-47.36
158.92	-77.01	-48.10
159.05	-78.33	-48.91
159.31	-78.33	-49.87
159.44	-78.55	-50.91
159.58	-80.53	-52.08
159.69	-80.53	-52.08
159.79	-80.53	-53.43
159.93	-81.32	-55.02
160.04	-81.32	-56.73
160.17	-84.11	-58.94
160.43	-85.92	-61.32
160.72	-85.92	-64.65
160.83	-86.65	-68.52
160.96	-86.65	-70.06
161.07	-93.49	-66.31
161.18	-93.49	-62.59
161.29	-92.62	-59.60
161.55	-92.62	-57.21
161.68	-88.47	-55.37
161.79	-88.47	-53.76
161.93	-88.54	-52.43
162.06	-88.54	-51.32
162.32	-86.54	-50.26
162.45	-81.07	-49.37
162.56	-81.07	-48.67
162.72	-81.07	-48.13
162.85	-80.52	-47.65
162.98	-80.52	-47.38
163.11	-75.90	-47.17
163.24	-75.90	-47.08
163.38	-73.66	-47.07
163.51	-73.66	-46.98
163.60	-72.94	-46.84
163.86	-72.94	-46.55
163.95	-71.64	-45.97
164.08	-70.14	-45.05
164.21	-70.14	-43.90
164.32	-68.75	-42.54
164.59	-68.75	-41.15
164.72	-68.05	-39.73
164.85	-68.05	-38.32
164.98	-66.84	-37.03
165.11	-66.84	-35.73
165.22	-65.40	-34.54
165.33	-65.40	-33.48
165.49	-65.40	-32.51
165.62	-64.22	-31.66
165.86	-63.20	-30.74
165.99	-63.20	-29.96
166.10	-63.20	-29.96
166.26	-62.34	-29.29
166.37	-62.34	-28.61
166.50	-61.51	-28.00
166.63	-61.51	-27.46
166.76	-60.70	-26.92
167.02	-60.70	-26.47
167.13	-60.04	-26.04
167.40	-59.36	-25.66
167.53	-59.36	-25.33
167.79	-58.82	-25.02
167.90	-58.31	-24.76
168.04	-58.31	-24.55
168.15	-57.90	-24.40
168.41	-57.90	-24.28
168.52	-57.49	-24.20
168.63	-57.49	-24.15
168.76	-57.13	-24.14
168.87	-57.13	-24.17
169.00	-56.86	-24.25
169.24	-56.86	-24.36
169.38	-56.61	-24.51
169.49	-56.40	-24.70
169.60	-56.40	-24.94
169.86	-56.16	-25.23
169.99	-56.16	-25.56
170.10	-55.99	-25.95
170.36	-55.99	-26.42
170.50	-56.04	-26.93
170.74	-55.96	-27.41
170.87	-55.96	-28.01
171.11	-55.85	-28.01
171.24	-55.84	-28.73
171.49	-55.84	-29.45
171.62	-55.77	-30.23
171.73	-55.87	-31.14
171.99	-55.87	-32.15
172.12	-56.08	-33.21
172.25	-56.08	-34.52
172.50	-56.16	-35.93
172.63	-56.27	-37.58
172.87	-56.27	-39.55
173.00	-56.37	-41.89
173.11	-56.57	-45.02
173.37	-56.57	-49.54
173.48	-56.63	-55.41
173.75	-56.63	-57.63
173.88	-56.86	-52.24
174.01	-57.06	-48.46
174.25	-57.06	-46.12
174.39	-57.13	-44.62
174.65	-57.32	-43.58
174.78	-57.32	-42.88
175.02	-57.47	-42.45
175.15	-57.51	-42.23
175.26	-57.51	-42.21
175.53	-57.67	-42.38
175.66	-57.67	-42.76
175.90	-57.79	-43.33
176.06	-57.86	-44.21
176.30	-57.86	-45.42
176.45	-57.98	-48.41
176.69	-58.26	-51.03
176.82	-58.26	-55.29
177.07	-58.51	-63.18
177.20	-58.47	-69.10
177.46	-58.47	-56.64
177.59	-58.39	-51.80
177.84	-58.35	-49.03
178.08	-58.39	-46.97
178.21	-58.39	-44.01
178.47	-58.31	-42.91
178.58	-57.97	-41.97
178.85	-57.97	-41.24
178.98	-57.59	-40.66
179.22	-57.59	-40.17
179.35	-57.42	-39.81
179.62	-56.96	-39.51
179.73	-56.64	-39.27
30.06	-38.91	-38.91
