!	NAME	
!	LENTH	0
!	DATE	2017-08-24
!	FREQ	2600
!	COUNT	1963
!	GAIN	0
!	PLANE	V
!	MAIN	M
!	POLARIZE	-45
!	PORT	1
179.99	-66.68	-58.61
-179.90	-66.51	-58.65
-179.77	-66.51	-58.65
-179.64	-66.40	-58.72
-179.37	-66.65	-58.75
-179.13	-66.65	-58.84
-179.00	-66.96	-58.84
-178.76	-67.54	-58.94
-178.49	-68.16	-58.94
-178.25	-68.16	-58.97
-177.99	-69.12	-58.97
-177.77	-70.08	-59.09
-177.64	-71.17	-59.17
-177.40	-72.51	-59.17
-177.11	-72.51	-59.34
-177.02	-73.90	-59.34
-176.87	-75.25	-59.43
-176.61	-75.25	-59.43
-176.36	-76.30	-59.43
-176.23	-76.28	-59.52
-175.99	-76.28	-59.52
-175.73	-75.83	-59.65
-175.62	-75.08	-59.65
-175.35	-75.08	-59.71
-175.24	-73.98	-59.71
-174.98	-72.86	-59.78
-174.85	-72.86	-59.78
-174.61	-71.85	-59.78
-174.47	-71.12	-59.83
-174.23	-71.12	-59.88
-174.08	-70.16	-59.88
-173.86	-69.55	-59.89
-173.70	-69.55	-59.89
-173.48	-68.99	-59.89
-173.33	-68.46	-59.84
-173.09	-68.18	-59.84
-172.85	-68.18	-59.83
-172.72	-67.83	-59.83
-172.47	-67.65	-59.71
-172.34	-67.65	-59.71
-172.10	-67.58	-59.69
-171.95	-67.52	-59.69
-171.70	-67.66	-59.50
-171.46	-67.66	-59.50
-171.31	-67.81	-59.25
-171.07	-68.16	-59.25
-170.91	-68.16	-59.25
-170.67	-68.63	-59.01
-170.41	-69.29	-59.01
-170.14	-70.02	-58.73
-169.88	-71.04	-58.73
-169.75	-71.04	-58.73
-169.51	-72.16	-58.36
-169.38	-72.16	-58.36
-169.13	-73.62	-57.96
-169.00	-75.35	-57.96
-168.76	-77.93	-57.48
-168.52	-81.31	-57.48
-168.25	-85.72	-56.82
-168.01	-85.72	-56.82
-167.90	-86.46	-56.28
-167.62	-86.46	-56.28
-167.51	-83.04	-55.71
-167.27	-79.86	-55.71
-167.13	-79.86	-55.08
-166.89	-77.53	-55.08
-166.74	-75.49	-54.53
-166.52	-75.49	-54.53
-166.39	-74.11	-54.53
-166.15	-73.01	-53.90
-165.99	-73.01	-53.90
-165.75	-72.12	-53.31
-165.62	-71.50	-53.31
-165.35	-71.50	-52.74
-165.24	-70.85	-52.74
-165.00	-70.56	-52.20
-164.76	-70.27	-52.20
-164.50	-69.95	-52.20
-164.23	-69.95	-51.65
-164.12	-69.81	-51.65
-163.86	-69.60	-51.14
-163.75	-69.60	-51.14
-163.49	-69.52	-50.67
-163.38	-69.41	-50.67
-163.11	-69.41	-50.23
-163.00	-69.38	-50.23
-162.74	-69.34	-50.23
-162.61	-69.34	-49.82
-162.34	-69.24	-49.82
-162.23	-69.22	-49.44
-161.97	-69.22	-49.44
-161.84	-69.20	-49.10
-161.60	-69.18	-49.10
-161.44	-69.18	-48.81
-161.20	-69.14	-48.81
-161.07	-69.13	-48.53
-160.81	-69.01	-48.53
-160.56	-68.90	-48.27
-160.30	-68.90	-48.27
-160.19	-68.73	-48.27
-159.90	-68.57	-48.04
-159.79	-68.57	-48.04
-159.53	-68.53	-47.85
-159.40	-68.45	-47.85
-159.14	-68.45	-47.68
-159.00	-68.32	-47.68
-158.76	-68.36	-47.51
-158.63	-68.36	-47.51
-158.37	-68.43	-47.51
-158.23	-68.63	-47.40
-157.99	-68.63	-47.40
-157.86	-68.88	-47.29
-157.60	-69.30	-47.29
-157.47	-69.30	-47.19
-157.22	-69.92	-47.19
-157.09	-70.62	-47.10
-156.83	-70.62	-47.10
-156.70	-71.38	-47.10
-156.45	-72.06	-47.00
-156.35	-72.06	-47.00
-156.08	-72.55	-46.89
-155.97	-72.71	-46.89
-155.71	-72.71	-46.79
-155.60	-71.99	-46.79
-155.33	-70.81	-46.69
-155.22	-70.81	-46.69
-154.96	-69.42	-46.69
-154.83	-67.96	-46.59
-154.59	-67.96	-46.47
-154.46	-66.65	-46.47
-154.21	-65.46	-46.38
-154.06	-65.46	-46.38
-153.82	-64.46	-46.29
-153.69	-63.53	-46.29
-153.44	-63.53	-46.29
-153.31	-62.71	-46.19
-153.07	-62.71	-46.19
-152.94	-62.00	-46.11
-152.70	-61.46	-46.11
-152.57	-61.46	-46.04
-152.30	-61.00	-46.04
-152.17	-60.68	-46.04
-151.93	-60.68	-46.00
-151.80	-60.42	-46.00
-151.55	-60.29	-45.98
-151.44	-60.29	-45.98
-151.18	-60.33	-46.00
-151.07	-60.46	-46.00
-150.81	-60.46	-46.02
-150.70	-60.62	-46.02
-150.41	-60.80	-46.07
-150.30	-61.08	-46.07
-149.93	-61.40	-46.17
-149.80	-61.40	-46.17
-149.53	-61.82	-46.17
-149.40	-62.26	-46.31
-149.16	-62.26	-46.31
-149.03	-62.74	-46.46
-148.76	-63.24	-46.46
-148.63	-63.24	-46.70
-148.39	-63.70	-46.70
-148.26	-64.07	-46.95
-147.99	-64.07	-46.95
-147.86	-64.37	-46.95
-147.60	-64.48	-47.25
-147.49	-64.48	-47.25
-147.23	-64.54	-47.60
-147.09	-64.56	-47.60
-146.85	-64.56	-48.03
-146.70	-64.54	-48.03
-146.46	-64.49	-48.52
-146.32	-64.49	-48.52
-146.08	-64.40	-49.11
-145.95	-64.37	-49.11
-145.69	-64.37	-49.72
-145.58	-64.40	-49.72
-145.31	-64.51	-50.41
-145.18	-64.51	-50.41
-144.94	-64.64	-50.41
-144.79	-64.92	-51.19
-144.54	-64.92	-51.19
-144.44	-65.29	-52.02
-144.17	-65.71	-52.02
-144.04	-65.71	-52.94
-143.78	-66.25	-52.94
-143.67	-66.88	-52.94
-143.38	-66.88	-53.94
-143.27	-67.60	-53.94
-143.01	-68.46	-54.92
-142.87	-68.46	-54.92
-142.63	-69.40	-56.07
-142.50	-70.23	-56.07
-142.26	-70.23	-57.21
-142.13	-71.23	-57.21
-141.89	-72.25	-57.21
-141.75	-72.25	-58.31
-141.49	-73.38	-58.31
-141.36	-74.27	-59.35
-141.12	-74.27	-59.35
-140.99	-75.16	-60.10
-140.74	-75.42	-60.10
-140.61	-75.42	-60.51
-140.37	-75.67	-60.51
-140.24	-75.39	-60.51
-140.00	-75.39	-60.51
-139.86	-74.84	-60.27
-139.62	-74.14	-60.27
-139.49	-74.14	-59.81
-139.23	-73.01	-59.81
-139.12	-73.01	-59.29
-138.85	-71.96	-59.29
-138.72	-70.79	-59.29
-138.46	-69.83	-58.78
-138.22	-68.78	-58.78
-137.95	-68.78	-58.29
-137.84	-67.76	-58.29
-137.58	-66.88	-57.87
-137.45	-66.88	-57.87
-137.21	-66.02	-57.56
-137.07	-65.28	-57.56
-136.83	-65.28	-57.32
-136.70	-64.64	-57.32
-136.44	-64.10	-57.13
-136.33	-64.10	-57.13
-136.06	-63.55	-57.13
-135.95	-63.05	-57.04
-135.69	-63.05	-57.04
-135.56	-62.64	-57.00
-135.29	-62.34	-57.00
-135.18	-62.34	-57.02
-134.92	-62.04	-57.02
-134.81	-61.83	-57.13
-134.55	-61.83	-57.13
-134.41	-61.65	-57.13
-134.17	-61.51	-57.28
-134.02	-61.51	-57.28
-133.78	-61.43	-57.57
-133.51	-61.35	-57.57
-133.25	-61.33	-57.90
-133.01	-61.36	-57.90
-132.90	-61.36	-58.30
-132.64	-61.44	-58.30
-132.39	-61.54	-58.30
-132.13	-61.68	-58.76
-131.89	-61.84	-58.76
-131.76	-61.84	-59.27
-131.49	-62.04	-59.27
-131.38	-62.26	-59.89
-131.12	-62.26	-59.89
-131.01	-62.51	-60.54
-130.75	-62.78	-60.54
-130.61	-62.78	-61.25
-130.35	-63.05	-61.25
-130.24	-63.32	-61.91
-129.98	-63.32	-61.91
-129.84	-63.67	-62.68
-129.60	-63.96	-62.68
-129.47	-63.96	-63.34
-129.21	-64.33	-63.34
-129.08	-64.70	-63.93
-128.83	-64.70	-63.93
-128.70	-65.11	-64.27
-128.46	-65.55	-64.27
-128.33	-65.55	-64.35
-128.09	-65.93	-64.35
-127.84	-66.34	-64.32
-127.58	-66.78	-64.32
-127.34	-67.22	-64.07
-127.21	-67.22	-64.07
-126.94	-67.57	-63.66
-126.70	-67.99	-63.66
-126.44	-68.25	-63.17
-126.31	-68.25	-63.17
-126.06	-68.67	-62.68
-125.93	-68.86	-62.68
-125.67	-68.86	-62.16
-125.54	-69.18	-62.16
-125.30	-69.28	-62.16
-125.14	-69.28	-61.71
-124.88	-69.41	-61.33
-124.75	-69.34	-61.33
-124.50	-69.34	-61.06
-124.37	-69.30	-61.06
-124.13	-69.17	-60.81
-124.00	-69.17	-60.81
-123.74	-68.96	-60.64
-123.63	-68.72	-60.64
-123.36	-68.72	-60.47
-123.25	-68.37	-60.47
-122.99	-68.10	-60.42
-122.72	-67.80	-60.42
-122.48	-67.40	-60.35
-122.24	-67.40	-60.35
-122.11	-67.06	-60.38
-121.87	-66.63	-60.38
-121.71	-66.63	-60.47
-121.47	-66.26	-60.47
-121.34	-65.92	-60.63
-121.10	-65.92	-60.63
-120.94	-65.52	-60.81
-120.70	-65.15	-60.81
-120.57	-65.15	-61.06
-120.31	-64.79	-61.06
-120.18	-64.43	-61.31
-119.93	-64.43	-61.31
-119.80	-64.11	-61.31
-119.54	-63.84	-61.70
-119.43	-63.84	-61.70
-119.17	-63.52	-62.12
-118.92	-63.25	-62.12
-118.68	-63.00	-62.56
-118.42	-62.71	-62.56
-118.31	-62.71	-63.13
-118.04	-62.51	-63.13
-117.91	-62.25	-63.66
-117.67	-62.25	-63.66
-117.54	-62.04	-64.37
-117.28	-61.83	-64.37
-117.01	-61.83	-65.12
-116.90	-61.74	-65.12
-116.64	-61.60	-65.96
-116.37	-61.45	-65.96
-116.13	-61.36	-66.81
-116.00	-61.36	-66.81
-115.74	-61.27	-67.52
-115.61	-61.23	-67.52
-115.36	-61.23	-68.59
-115.23	-61.22	-69.67
-114.97	-61.22	-69.67
-114.86	-61.22	-70.73
-114.59	-61.21	-70.73
-114.35	-61.22	-72.20
-114.22	-61.22	-72.20
-113.96	-61.22	-73.96
-113.72	-61.31	-73.96
-113.45	-61.34	-76.10
-113.19	-61.44	-76.10
-112.95	-61.55	-78.40
-112.81	-61.55	-78.40
-112.55	-61.68	-81.29
-112.42	-61.81	-81.29
-112.18	-61.81	-84.89
-112.05	-62.00	-84.89
-111.78	-62.21	-87.75
-111.67	-62.21	-87.75
-111.41	-62.41	-85.77
-111.14	-62.65	-85.77
-110.90	-62.86	-83.39
-110.66	-63.11	-83.39
-110.53	-63.11	-80.32
-110.29	-63.33	-80.32
-110.02	-63.57	-78.83
-109.76	-63.87	-78.83
-109.52	-64.13	-77.04
-109.39	-64.13	-76.23
-109.14	-64.40	-76.23
-109.01	-64.72	-76.23
-108.77	-64.72	-75.33
-108.62	-65.03	-75.33
-108.38	-65.27	-74.73
-108.24	-65.27	-74.31
-108.00	-65.51	-74.31
-107.74	-65.81	-74.31
-107.50	-66.04	-73.98
-107.21	-66.30	-73.98
-107.10	-66.30	-74.03
-106.84	-66.47	-74.03
-106.57	-66.67	-73.70
-106.33	-66.80	-73.70
-106.09	-66.91	-73.63
-105.83	-66.91	-73.63
-105.69	-66.98	-73.59
-105.45	-67.07	-73.59
-105.19	-67.05	-73.73
-104.97	-67.12	-73.73
-104.84	-67.12	-73.86
-104.60	-67.12	-73.86
-104.44	-67.15	-74.06
-104.20	-67.15	-74.06
-103.96	-67.18	-74.49
-103.83	-67.21	-74.49
-103.56	-67.22	-74.88
-103.30	-67.17	-74.88
-103.04	-67.17	-75.16
-102.93	-67.18	-75.16
-102.66	-67.23	-75.90
-102.53	-67.23	-75.90
-102.27	-67.26	-76.68
-102.00	-67.35	-76.68
-101.76	-67.46	-77.53
-101.63	-67.46	-77.53
-101.39	-67.44	-78.53
-101.12	-67.53	-78.53
-100.86	-67.57	-79.91
-100.62	-67.71	-79.91
-100.49	-67.71	-81.54
-100.22	-67.84	-81.54
-99.98	-67.82	-82.31
-99.74	-67.93	-82.31
-99.45	-68.11	-83.56
-99.21	-68.29	-83.56
-98.97	-68.48	-84.39
-98.71	-68.48	-84.39
-98.58	-68.70	-83.79
-98.33	-68.81	-83.79
-98.07	-69.05	-82.84
-97.81	-69.05	-82.84
-97.56	-69.45	-80.88
-97.19	-69.74	-80.88
-97.06	-69.74	-79.21
-96.80	-69.92	-79.21
-96.66	-70.16	-77.71
-96.42	-70.16	-77.71
-96.18	-70.55	-76.50
-95.92	-70.83	-76.50
-95.67	-71.12	-75.45
-95.41	-71.35	-75.45
-95.17	-71.66	-74.50
-94.91	-71.86	-74.50
-94.64	-72.29	-73.79
-94.40	-72.29	-73.79
-94.16	-72.68	-73.03
-93.89	-72.85	-73.03
-93.65	-73.28	-72.17
-93.39	-73.39	-72.17
-93.13	-73.63	-71.55
-92.88	-74.13	-71.55
-92.64	-74.27	-71.55
-92.38	-74.27	-71.00
-92.14	-74.55	-71.00
-91.87	-74.85	-70.51
-91.63	-75.18	-70.51
-91.37	-74.99	-69.79
-91.13	-75.23	-69.79
-90.86	-75.43	-69.45
-90.62	-75.38	-69.45
-90.36	-75.83	-69.02
-90.09	-75.83	-69.02
-89.85	-75.88	-68.74
-89.59	-76.25	-68.74
-89.32	-76.50	-68.45
-89.06	-76.79	-68.45
-88.80	-76.57	-68.05
-88.56	-76.93	-68.05
-88.29	-77.38	-67.82
-88.05	-77.29	-67.82
-87.79	-77.22	-67.49
-87.52	-77.32	-67.49
-87.28	-77.32	-67.28
-87.04	-77.32	-67.28
-86.78	-77.48	-67.18
-86.53	-77.72	-66.91
-86.27	-77.95	-66.91
-86.03	-78.02	-66.79
-85.76	-78.26	-66.59
-85.50	-78.54	-66.59
-85.26	-78.64	-66.59
-84.89	-78.64	-66.54
-84.75	-78.54	-66.54
-84.49	-78.85	-66.46
-84.25	-79.14	-66.46
-83.96	-79.24	-66.35
-83.72	-79.28	-66.35
-83.48	-79.44	-66.35
-83.22	-79.23	-66.35
-82.97	-79.19	-66.36
-82.58	-79.12	-66.36
-82.34	-78.91	-66.42
-82.09	-78.91	-66.42
-81.83	-78.69	-66.46
-81.59	-78.33	-66.32
-81.33	-78.12	-66.32
-81.08	-77.97	-66.41
-80.82	-77.55	-66.41
-80.56	-76.95	-66.49
-80.31	-76.73	-66.49
-80.07	-76.40	-66.61
-79.79	-76.28	-66.61
-79.55	-75.82	-66.80
-79.17	-75.82	-66.80
-79.04	-75.52	-67.06
-78.78	-75.29	-67.06
-78.54	-74.82	-67.19
-78.27	-74.35	-67.19
-78.01	-74.21	-67.54
-77.77	-73.96	-67.54
-77.50	-73.50	-67.47
-77.26	-73.13	-67.47
-76.73	-72.93	-67.53
-76.60	-72.59	-67.53
-76.23	-72.25	-67.89
-75.99	-72.00	-67.89
-75.72	-71.73	-68.43
-75.33	-71.31	-68.43
-75.09	-70.97	-68.54
-74.82	-70.71	-68.54
-74.58	-70.37	-68.75
-74.34	-70.06	-68.75
-74.07	-69.85	-69.24
-73.70	-69.61	-69.24
-73.33	-69.30	-69.35
-73.06	-69.00	-69.65
-72.80	-68.65	-69.65
-72.56	-68.40	-69.65
-72.32	-68.12	-70.08
-71.94	-67.95	-70.36
-71.68	-67.79	-70.36
-71.42	-67.56	-70.90
-71.15	-67.35	-70.90
-70.91	-67.13	-71.44
-70.65	-67.02	-71.44
-70.38	-67.02	-71.78
-70.16	-66.86	-72.06
-69.88	-66.74	-72.06
-69.53	-66.59	-72.50
-69.39	-66.51	-72.50
-69.15	-66.40	-72.75
-68.89	-66.36	-72.75
-68.51	-66.29	-73.20
-68.27	-66.22	-73.20
-68.03	-66.22	-73.90
-67.64	-66.23	-73.90
-67.39	-66.28	-74.40
-67.11	-66.25	-74.40
-66.87	-66.22	-75.19
-66.63	-66.32	-75.19
-66.21	-66.35	-75.50
-65.97	-66.44	-75.50
-65.68	-66.52	-76.22
-65.44	-66.59	-76.61
-65.06	-66.74	-76.61
-64.80	-66.83	-77.72
-64.56	-67.04	-77.72
-64.30	-67.27	-78.78
-63.92	-67.44	-79.56
-63.66	-67.78	-79.56
-63.42	-68.19	-79.56
-63.18	-68.67	-80.97
-62.80	-69.21	-80.97
-62.54	-69.74	-82.29
-62.27	-70.55	-82.29
-62.01	-70.55	-83.52
-61.64	-72.35	-83.52
-61.37	-73.53	-84.76
-61.13	-75.14	-84.76
-60.89	-75.14	-85.86
-60.63	-76.50	-85.86
-60.25	-78.48	-88.60
-59.99	-80.89	-88.60
-59.73	-82.18	-86.66
-59.64	-81.51	-86.66
-59.24	-79.92	-86.77
-58.98	-78.01	-86.77
-58.74	-76.21	-84.87
-58.47	-74.74	-84.87
-58.23	-73.94	-83.36
-57.97	-73.10	-83.36
-57.73	-72.52	-81.85
-57.33	-72.39	-81.85
-57.07	-72.33	-79.64
-56.85	-72.76	-79.64
-56.58	-73.52	-79.08
-56.21	-74.39	-79.08
-55.95	-75.37	-77.57
-55.70	-75.52	-77.57
-55.33	-74.27	-76.39
-55.07	-71.61	-76.39
-54.80	-68.84	-75.77
-54.56	-68.84	-75.77
-54.30	-66.31	-74.88
-54.03	-63.90	-74.88
-53.77	-61.85	-74.15
-53.51	-59.99	-74.15
-53.26	-58.33	-73.61
-53.00	-56.72	-73.61
-52.74	-55.29	-72.58
-52.47	-53.95	-72.58
-52.10	-52.71	-71.90
-51.86	-51.57	-71.90
-51.59	-50.50	-71.45
-51.35	-49.49	-71.45
-50.98	-48.55	-70.90
-50.72	-47.64	-70.90
-50.47	-46.79	-70.82
-50.21	-46.00	-70.82
-49.97	-45.25	-70.20
-49.60	-44.55	-69.85
-49.33	-43.88	-69.85
-49.09	-43.26	-69.51
-48.72	-42.67	-69.51
-48.45	-42.12	-69.17
-48.19	-41.61	-69.17
-47.93	-41.15	-68.80
-47.55	-40.73	-68.80
-47.31	-40.35	-68.60
-46.94	-40.01	-68.60
-46.67	-39.70	-68.14
-46.41	-39.44	-68.14
-46.17	-39.20	-67.84
-45.93	-39.02	-67.84
-45.66	-38.87	-67.68
-45.29	-38.75	-67.68
-45.05	-38.68	-67.56
-44.80	-38.65	-67.56
-44.54	-38.66	-67.37
-44.17	-38.71	-67.37
-43.88	-38.82	-67.40
-43.64	-38.97	-67.29
-43.38	-39.16	-67.29
-42.98	-39.41	-67.29
-42.76	-39.70	-67.15
-42.50	-40.05	-67.15
-42.10	-40.47	-67.18
-41.86	-40.93	-67.18
-41.60	-41.48	-67.20
-41.36	-42.09	-67.23
-40.98	-42.78	-67.23
-40.70	-43.59	-67.23
-40.45	-44.46	-67.29
-40.19	-45.46	-67.29
-39.82	-46.60	-67.26
-39.55	-47.86	-67.26
-39.29	-49.29	-67.28
-39.05	-50.80	-67.28
-38.65	-52.43	-67.34
-38.41	-53.95	-67.34
-38.17	-54.98	-67.38
-37.91	-55.40	-67.38
-37.53	-55.06	-67.51
-37.27	-54.35	-67.51
-36.89	-53.58	-67.66
-36.65	-52.86	-67.66
-36.41	-52.30	-67.78
-36.15	-51.96	-67.78
-35.91	-51.76	-67.79
-35.51	-51.76	-67.79
-35.27	-51.94	-67.97
-35.03	-52.33	-67.97
-34.74	-52.86	-68.10
-34.50	-53.56	-68.10
-34.10	-54.31	-68.32
-33.86	-55.05	-68.32
-33.62	-55.49	-68.35
-33.36	-55.36	-68.35
-32.98	-54.61	-68.54
-32.74	-53.48	-68.54
-32.50	-52.19	-68.66
-32.24	-50.91	-68.66
-31.88	-49.76	-68.92
-31.62	-48.70	-68.92
-31.36	-47.81	-69.04
-31.12	-47.02	-69.04
-30.74	-46.37	-69.30
-30.48	-45.83	-69.30
-30.19	-45.40	-69.61
-29.82	-45.09	-69.61
-29.55	-44.87	-69.77
-29.31	-44.75	-69.77
-29.05	-44.74	-70.05
-28.79	-44.82	-70.05
-28.54	-44.98	-70.26
-28.30	-44.98	-70.26
-28.04	-45.26	-70.48
-27.78	-45.60	-70.48
-27.53	-46.04	-70.65
-27.29	-46.60	-70.65
-27.03	-47.25	-70.69
-26.79	-48.01	-70.69
-26.41	-48.84	-70.80
-26.15	-49.78	-70.74
-25.91	-50.83	-70.74
-25.62	-51.92	-70.98
-25.38	-53.07	-70.98
-25.01	-54.17	-71.10
-24.76	-55.22	-71.10
-24.50	-56.13	-71.24
-24.13	-56.88	-71.24
-23.86	-57.41	-71.20
-23.62	-57.78	-71.27
-23.38	-57.90	-71.27
-23.01	-57.72	-71.23
-22.74	-57.17	-71.23
-22.48	-56.28	-71.07
-22.24	-55.07	-71.07
-21.86	-53.73	-70.88
-21.62	-52.32	-70.88
-21.36	-51.01	-70.80
-21.10	-49.74	-70.80
-20.70	-48.59	-70.66
-20.46	-47.58	-70.66
-20.24	-46.71	-70.27
-19.95	-45.96	-70.27
-19.60	-45.31	-69.95
-19.34	-44.78	-69.95
-19.07	-44.35	-69.81
-18.85	-44.02	-69.81
-18.46	-43.81	-69.55
-18.19	-43.69	-69.55
-17.95	-43.68	-69.38
-17.69	-43.77	-69.38
-17.45	-43.77	-69.13
-17.18	-43.97	-69.13
-16.92	-44.28	-68.93
-16.68	-44.69	-68.93
-16.41	-45.22	-68.42
-16.15	-45.86	-68.42
-15.91	-46.59	-68.33
-15.67	-47.40	-68.33
-15.40	-48.30	-68.16
-15.03	-49.19	-68.16
-14.77	-50.05	-67.99
-14.52	-50.79	-67.99
-14.15	-51.32	-67.81
-13.91	-51.63	-67.68
-13.65	-51.68	-67.68
-13.40	-51.58	-67.56
-13.03	-51.40	-67.56
-12.77	-51.24	-67.57
-12.53	-51.17	-67.57
-12.24	-51.22	-67.50
-12.00	-51.40	-67.50
-11.62	-51.69	-67.45
-11.36	-52.12	-67.45
-11.01	-52.66	-67.54
-10.75	-53.32	-67.54
-10.48	-54.03	-67.53
-10.24	-54.69	-67.53
-10.00	-55.26	-67.62
-9.76	-55.26	-67.62
-9.49	-55.63	-67.59
-9.23	-55.77	-67.59
-9.01	-55.66	-67.80
-8.75	-55.43	-67.80
-8.48	-55.17	-67.86
-8.24	-54.98	-67.86
-7.98	-54.92	-67.94
-7.73	-55.00	-67.94
-7.34	-55.23	-68.07
-7.10	-55.59	-68.07
-6.86	-56.04	-68.27
-6.59	-56.47	-68.27
-6.22	-56.66	-68.38
-5.95	-56.43	-68.38
-5.71	-55.70	-68.72
-5.34	-54.65	-68.72
-5.08	-53.45	-69.05
-4.83	-52.27	-69.05
-4.57	-51.14	-69.29
-4.31	-50.14	-69.29
-4.09	-50.14	-69.48
-3.80	-49.32	-69.48
-3.56	-48.62	-69.63
-3.30	-48.06	-69.63
-3.03	-47.63	-69.98
-2.77	-47.33	-69.98
-2.53	-47.16	-70.23
-2.29	-47.10	-70.23
-1.91	-47.15	-70.33
-1.65	-47.30	-70.33
-1.41	-47.54	-70.72
-1.01	-47.88	-70.72
-0.77	-48.28	-70.71
-0.55	-48.76	-70.71
-0.26	-49.28	-70.80
-0.02	-49.86	-71.29
0.35	-50.48	-71.29
0.62	-51.11	-71.29
0.86	-51.76	-71.61
1.25	-52.41	-71.61
1.49	-53.09	-71.95
1.78	-53.81	-71.95
2.04	-54.56	-72.33
2.24	-55.29	-72.33
2.61	-56.12	-72.60
2.90	-56.95	-72.60
3.14	-57.66	-72.89
3.49	-58.12	-72.89
3.76	-58.29	-73.14
4.00	-57.97	-73.78
4.24	-57.41	-73.78
4.50	-56.57	-74.38
4.75	-55.73	-74.38
5.12	-54.77	-74.73
5.38	-53.88	-75.09
5.76	-52.93	-75.09
6.04	-51.84	-75.09
6.31	-50.63	-75.80
6.55	-49.34	-75.80
6.88	-48.14	-76.36
7.14	-46.70	-76.36
7.43	-45.28	-76.46
7.65	-44.04	-76.46
7.89	-42.75	-76.59
8.17	-42.75	-76.59
8.42	-41.51	-76.24
8.66	-40.44	-76.24
8.90	-39.37	-75.59
9.16	-38.42	-75.59
9.40	-37.57	-74.60
9.67	-36.77	-73.28
9.93	-36.11	-73.28
10.31	-35.48	-73.28
10.61	-34.94	-72.33
10.88	-34.48	-72.33
11.12	-34.13	-71.19
11.45	-33.88	-71.19
11.71	-33.68	-70.06
12.00	-33.57	-70.06
12.24	-33.52	-69.05
12.59	-33.56	-69.05
12.81	-33.67	-67.99
13.07	-33.87	-67.99
13.32	-34.14	-67.08
13.58	-34.53	-67.08
13.95	-34.98	-66.31
14.20	-35.56	-66.31
14.46	-36.24	-65.47
14.83	-37.05	-65.47
15.12	-38.06	-64.71
15.40	-39.27	-64.71
15.60	-40.45	-64.15
15.82	-41.76	-64.15
16.08	-43.54	-63.64
16.35	-43.54	-63.64
16.61	-45.45	-63.19
16.83	-47.44	-63.19
17.21	-49.42	-62.76
17.47	-50.86	-62.76
17.69	-51.18	-62.33
17.97	-50.48	-62.33
18.22	-49.39	-62.00
18.46	-48.42	-62.00
18.72	-47.67	-61.68
19.10	-47.18	-61.68
19.38	-46.96	-61.42
19.80	-47.00	-61.42
20.04	-47.24	-61.21
20.26	-47.64	-61.21
20.50	-48.32	-61.07
20.79	-49.27	-61.07
21.05	-50.40	-61.01
21.42	-51.64	-61.01
21.67	-52.75	-60.94
21.91	-53.40	-60.93
22.15	-53.15	-60.93
22.41	-52.21	-60.93
22.77	-50.99	-60.94
23.03	-49.73	-61.01
23.42	-48.54	-61.01
23.67	-47.58	-61.14
24.06	-46.81	-61.14
24.37	-46.12	-61.14
24.68	-45.38	-61.30
24.92	-45.19	-61.57
25.36	-45.13	-61.57
25.60	-45.18	-61.57
25.95	-45.34	-61.86
26.17	-45.60	-61.86
26.59	-45.95	-62.19
26.79	-46.41	-62.19
27.14	-46.87	-62.54
27.38	-48.18	-62.54
27.71	-48.89	-62.93
27.93	-49.73	-62.93
28.19	-50.67	-63.31
28.52	-51.60	-63.31
28.85	-52.62	-63.74
29.03	-53.58	-63.74
29.12	-54.45	-64.21
29.49	-55.29	-64.21
29.80	-56.18	-64.67
30.10	-58.61	-64.67
30.13	-58.65	-65.19
30.15	-58.65	-65.19
30.17	-58.72	-65.84
30.19	-58.75	-65.84
30.21	-58.84	-66.33
30.24	-58.84	-66.33
30.26	-58.94	-66.89
30.28	-58.94	-66.89
30.30	-58.97	-67.45
30.32	-58.97	-67.45
30.35	-59.09	-67.99
30.37	-59.17	-67.99
30.39	-59.17	-68.61
30.41	-59.34	-68.61
30.46	-59.34	-69.17
30.48	-59.43	-69.17
30.52	-59.43	-69.70
30.54	-59.43	-69.70
30.59	-59.52	-70.30
30.61	-59.52	-71.22
30.65	-59.65	-71.22
30.68	-59.65	-71.70
30.72	-59.71	-71.70
30.74	-59.71	-72.28
30.76	-59.78	-72.28
30.83	-59.78	-72.58
30.85	-59.78	-72.58
30.90	-59.83	-72.82
30.94	-59.88	-72.82
31.01	-59.88	-72.88
31.03	-59.89	-72.88
31.05	-59.89	-73.41
31.09	-59.89	-73.41
31.14	-59.84	-73.33
31.20	-59.84	-73.33
31.27	-59.83	-72.69
31.33	-59.83	-72.69
31.38	-59.71	-71.93
31.42	-59.71	-71.93
31.47	-59.69	-70.82
31.51	-59.69	-70.11
31.58	-59.50	-70.11
31.62	-59.50	-70.11
31.69	-59.25	-69.57
31.75	-59.25	-69.57
31.80	-59.25	-68.81
31.86	-59.01	-68.81
31.93	-59.01	-67.91
31.99	-58.73	-67.91
32.06	-58.73	-67.12
32.13	-58.73	-67.12
32.19	-58.36	-66.47
32.26	-58.36	-65.95
32.32	-57.96	-65.95
32.39	-57.96	-65.95
32.46	-57.48	-65.44
32.54	-57.48	-64.97
32.65	-56.82	-64.97
32.74	-56.82	-64.74
32.81	-56.28	-64.49
32.87	-56.28	-64.49
32.94	-55.71	-64.38
33.00	-55.71	-64.32
33.11	-55.08	-64.32
33.27	-55.08	-64.32
33.33	-54.53	-64.28
33.42	-54.53	-64.28
33.49	-54.53	-64.45
33.55	-53.90	-64.63
33.66	-53.90	-64.63
33.75	-53.31	-64.83
33.84	-53.31	-64.83
33.91	-52.74	-64.83
34.02	-52.74	-65.11
34.10	-52.20	-65.48
34.19	-52.20	-65.48
34.26	-52.20	-65.89
34.37	-51.65	-65.89
34.46	-51.65	-66.35
34.54	-51.14	-66.35
34.63	-51.14	-66.72
34.74	-50.67	-66.72
34.85	-50.67	-67.18
34.94	-50.23	-67.18
35.03	-50.23	-67.67
35.14	-50.23	-67.67
35.22	-49.82	-68.17
35.31	-49.82	-68.17
35.42	-49.44	-68.49
35.51	-49.44	-68.49
35.60	-49.10	-68.97
35.71	-49.10	-68.97
35.80	-48.81	-69.32
35.91	-48.81	-69.62
36.02	-48.53	-69.62
36.13	-48.53	-69.94
36.26	-48.27	-69.94
36.35	-48.27	-69.94
36.45	-48.27	-70.24
36.59	-48.04	-70.24
36.67	-48.04	-70.49
36.81	-47.85	-70.70
36.94	-47.85	-70.70
37.05	-47.68	-70.88
37.18	-47.68	-70.88
37.31	-47.51	-71.10
37.44	-47.51	-71.10
37.58	-47.51	-71.10
37.71	-47.40	-71.10
37.82	-47.40	-71.00
37.93	-47.29	-71.00
38.06	-47.29	-70.64
38.17	-47.19	-70.64
38.30	-47.19	-70.22
38.41	-47.10	-69.45
38.52	-47.10	-69.45
38.63	-47.10	-69.45
38.76	-47.00	-68.73
38.87	-47.00	-68.73
39.05	-46.89	-68.12
39.18	-46.89	-68.12
39.31	-46.79	-67.48
39.42	-46.79	-67.48
39.51	-46.69	-66.88
39.64	-46.69	-66.88
39.79	-46.69	-66.48
39.90	-46.59	-65.93
40.04	-46.47	-65.93
40.26	-46.47	-65.53
40.37	-46.38	-65.53
40.50	-46.38	-65.33
40.61	-46.29	-65.33
40.74	-46.29	-65.12
40.87	-46.29	-65.12
41.03	-46.19	-64.93
41.16	-46.19	-64.93
41.27	-46.11	-64.93
41.38	-46.11	-64.84
41.51	-46.04	-64.95
41.62	-46.04	-64.95
41.79	-46.04	-64.95
41.93	-46.00	-65.02
42.06	-46.00	-65.18
42.19	-45.98	-65.18
42.30	-45.98	-65.18
42.41	-46.00	-65.36
42.54	-46.00	-65.71
42.67	-46.02	-65.71
42.92	-46.02	-66.07
43.03	-46.07	-66.46
43.16	-46.07	-66.46
43.31	-46.17	-66.88
43.42	-46.17	-66.88
43.55	-46.17	-67.34
43.68	-46.31	-67.34
43.79	-46.31	-67.79
43.93	-46.46	-68.20
44.06	-46.46	-68.20
44.19	-46.70	-68.20
44.32	-46.70	-68.60
44.41	-46.95	-68.90
44.54	-46.95	-68.90
44.67	-46.95	-69.14
44.76	-47.25	-69.14
44.91	-47.25	-69.23
45.02	-47.60	-69.23
45.13	-47.60	-69.31
45.29	-48.03	-69.06
45.42	-48.03	-69.06
45.53	-48.52	-68.84
45.68	-48.52	-68.84
45.82	-49.11	-68.54
45.95	-49.11	-68.10
46.08	-49.72	-68.10
46.21	-49.72	-67.62
46.34	-50.41	-67.25
46.48	-50.41	-67.25
46.58	-50.41	-66.80
46.72	-51.19	-66.80
46.85	-51.19	-66.54
46.96	-52.02	-66.30
47.09	-52.02	-66.30
47.20	-52.94	-66.09
47.33	-52.94	-66.06
47.46	-52.94	-66.06
47.60	-53.94	-66.13
47.73	-53.94	-66.13
47.84	-54.92	-66.38
47.95	-54.92	-66.73
48.08	-56.07	-66.73
48.23	-56.07	-67.25
48.34	-57.21	-67.99
48.45	-57.21	-67.99
48.58	-57.21	-68.87
48.69	-58.31	-69.98
48.83	-58.31	-69.98
48.96	-59.35	-71.62
49.09	-59.35	-71.62
49.20	-60.10	-73.70
49.31	-60.10	-76.55
49.57	-60.51	-76.55
49.68	-60.51	-80.91
49.82	-60.51	-88.68
49.95	-60.51	-88.68
50.06	-60.27	-85.43
50.19	-60.27	-79.31
50.32	-59.81	-79.31
50.43	-59.81	-75.61
50.58	-59.29	-73.18
50.69	-59.29	-71.34
50.80	-59.29	-71.34
50.96	-58.78	-69.88
51.09	-58.78	-68.73
51.20	-58.29	-68.73
51.33	-58.29	-67.91
51.44	-57.87	-67.34
51.70	-57.87	-67.34
51.81	-57.56	-66.92
51.95	-57.56	-66.68
52.06	-57.32	-66.68
52.17	-57.32	-66.51
52.30	-57.13	-66.51
52.43	-57.13	-66.40
52.54	-57.13	-66.65
52.69	-57.04	-66.65
52.80	-57.04	-66.96
52.91	-57.00	-67.54
53.05	-57.00	-68.16
53.18	-57.02	-68.16
53.31	-57.02	-69.12
53.42	-57.13	-70.08
53.55	-57.13	-71.17
53.66	-57.13	-72.51
53.79	-57.28	-72.51
53.90	-57.28	-73.90
54.03	-57.57	-75.25
54.17	-57.57	-75.25
54.28	-57.90	-76.30
54.41	-57.90	-76.28
54.56	-58.30	-76.28
54.67	-58.30	-75.83
54.80	-58.30	-75.08
54.94	-58.76	-75.08
55.07	-58.76	-73.98
55.20	-59.27	-72.86
55.33	-59.27	-72.86
55.46	-59.89	-71.85
55.59	-59.89	-71.12
55.84	-60.54	-71.12
55.97	-60.54	-70.16
56.10	-61.25	-69.55
56.23	-61.25	-69.55
56.34	-61.91	-68.99
56.47	-61.91	-68.46
56.61	-62.68	-68.18
56.71	-62.68	-68.18
56.87	-63.34	-67.83
56.98	-63.34	-67.65
57.09	-63.93	-67.65
57.24	-63.93	-67.58
57.48	-64.27	-67.52
57.62	-64.27	-67.66
57.75	-64.35	-67.66
57.86	-64.35	-67.81
57.99	-64.32	-68.16
58.12	-64.32	-68.16
58.25	-64.07	-68.63
58.47	-64.07	-69.29
58.60	-63.66	-70.02
58.74	-63.66	-71.04
58.85	-63.17	-71.04
58.98	-63.17	-72.16
59.11	-62.68	-72.16
59.22	-62.68	-73.62
59.40	-62.16	-75.35
59.53	-62.16	-77.93
59.77	-62.16	-81.31
59.88	-61.71	-85.72
60.01	-61.33	-85.72
60.16	-61.33	-86.46
60.27	-61.06	-86.46
60.52	-61.06	-83.04
60.63	-60.81	-79.86
60.76	-60.81	-79.86
60.89	-60.64	-77.53
61.02	-60.64	-75.49
61.13	-60.47	-75.49
61.26	-60.47	-74.11
61.37	-60.42	-73.01
61.64	-60.42	-73.01
61.77	-60.35	-72.12
61.88	-60.35	-71.50
61.99	-60.38	-71.50
62.12	-60.38	-70.85
62.25	-60.47	-70.56
62.36	-60.47	-70.27
62.49	-60.63	-69.95
62.71	-60.63	-69.95
62.85	-60.81	-69.81
63.00	-60.81	-69.60
63.11	-61.06	-69.60
63.24	-61.06	-69.52
63.35	-61.31	-69.41
63.46	-61.31	-69.41
63.61	-61.31	-69.38
63.75	-61.70	-69.34
63.86	-61.70	-69.34
63.99	-62.12	-69.24
64.10	-62.12	-69.22
64.23	-62.56	-69.22
64.36	-62.56	-69.20
64.49	-63.13	-69.18
64.76	-63.13	-69.18
64.85	-63.66	-69.14
64.98	-63.66	-69.13
65.11	-64.37	-69.01
65.22	-64.37	-68.90
65.35	-65.12	-68.90
65.59	-65.12	-68.73
65.72	-65.96	-68.57
65.86	-65.96	-68.57
65.99	-66.81	-68.53
66.10	-66.81	-68.45
66.21	-67.52	-68.45
66.34	-67.52	-68.32
66.47	-68.59	-68.36
66.74	-69.67	-68.36
66.84	-69.67	-68.43
66.95	-70.73	-68.63
67.24	-70.73	-68.63
67.35	-72.20	-68.88
67.48	-72.20	-69.30
67.72	-73.96	-69.30
67.88	-73.96	-69.92
67.99	-76.10	-70.62
68.14	-76.10	-70.62
68.27	-78.40	-71.38
68.38	-78.40	-72.06
68.51	-81.29	-72.06
68.65	-81.29	-72.55
68.78	-84.89	-72.71
68.91	-84.89	-72.71
69.02	-87.75	-71.99
69.31	-87.75	-70.81
69.42	-85.77	-70.81
69.55	-85.77	-69.42
69.66	-83.39	-67.96
69.77	-83.39	-67.96
69.92	-80.32	-66.65
70.05	-80.32	-65.46
70.29	-78.83	-65.46
70.40	-78.83	-64.46
70.54	-77.04	-63.53
70.80	-76.23	-63.53
70.93	-76.23	-62.71
71.04	-76.23	-62.71
71.15	-75.33	-62.00
71.28	-75.33	-61.46
71.44	-74.73	-61.46
71.55	-74.31	-61.00
71.68	-74.31	-60.68
71.90	-74.31	-60.68
72.05	-73.98	-60.42
72.16	-73.98	-60.29
72.29	-74.03	-60.29
72.43	-74.03	-60.33
72.54	-73.70	-60.46
72.67	-73.70	-60.46
72.80	-73.63	-60.62
72.93	-73.63	-60.80
73.06	-73.59	-61.08
73.31	-73.59	-61.40
73.44	-73.73	-61.40
73.57	-73.73	-61.82
73.68	-73.86	-62.26
73.81	-73.86	-62.26
73.92	-74.06	-62.74
74.05	-74.06	-63.24
74.18	-74.49	-63.24
74.43	-74.49	-63.70
74.56	-74.88	-64.07
74.65	-74.88	-64.07
74.78	-75.16	-64.37
74.91	-75.16	-64.48
75.04	-75.90	-64.48
75.17	-75.90	-64.54
75.39	-76.68	-64.56
75.52	-76.68	-64.56
75.66	-77.53	-64.54
75.77	-77.53	-64.49
75.90	-78.53	-64.49
76.03	-78.53	-64.40
76.12	-79.91	-64.37
76.25	-79.91	-64.37
76.51	-81.54	-64.40
76.65	-81.54	-64.51
76.76	-82.31	-64.51
76.89	-82.31	-64.64
77.02	-83.56	-64.92
77.13	-83.56	-64.92
77.28	-84.39	-65.29
77.41	-84.39	-65.71
77.66	-83.79	-65.71
77.79	-83.79	-66.25
77.92	-82.84	-66.88
78.05	-82.84	-66.88
78.16	-80.88	-67.60
78.29	-80.88	-68.46
78.43	-79.21	-68.46
78.67	-79.21	-69.40
78.80	-77.71	-70.23
78.91	-77.71	-70.23
79.04	-76.50	-71.23
79.17	-76.50	-72.25
79.30	-75.45	-72.25
79.44	-75.45	-73.38
79.57	-74.50	-74.27
79.68	-74.50	-74.27
79.81	-73.79	-75.16
80.07	-73.79	-75.42
80.21	-73.03	-75.42
80.32	-73.03	-75.67
80.45	-72.17	-75.39
80.58	-72.17	-75.39
80.71	-71.55	-74.84
80.84	-71.55	-74.14
80.95	-71.55	-74.14
81.08	-71.00	-73.01
81.22	-71.00	-73.01
81.33	-70.51	-71.96
81.48	-70.51	-70.79
81.61	-69.79	-69.83
81.72	-69.79	-68.78
81.85	-69.45	-68.78
82.12	-69.45	-67.76
82.25	-69.02	-66.88
82.36	-69.02	-66.88
82.49	-68.74	-66.02
82.62	-68.74	-65.28
82.75	-68.45	-65.28
82.89	-68.45	-64.64
83.00	-68.05	-64.10
83.24	-68.05	-64.10
83.37	-67.82	-63.55
83.48	-67.82	-63.05
83.63	-67.49	-63.05
83.74	-67.49	-62.64
83.85	-67.28	-62.34
83.98	-67.28	-62.34
84.12	-67.18	-62.04
84.38	-66.91	-61.83
84.62	-66.91	-61.83
84.75	-66.79	-61.65
85.00	-66.59	-61.51
85.13	-66.59	-61.51
85.22	-66.59	-61.43
85.35	-66.54	-61.35
85.48	-66.54	-61.33
85.59	-66.46	-61.36
85.74	-66.46	-61.36
85.85	-66.35	-61.44
85.96	-66.35	-61.54
86.09	-66.35	-61.68
86.23	-66.35	-61.84
86.36	-66.36	-61.84
86.60	-66.36	-62.04
86.73	-66.42	-62.26
86.86	-66.42	-62.26
87.00	-66.46	-62.51
87.24	-66.32	-62.78
87.35	-66.32	-62.78
87.48	-66.41	-63.05
87.72	-66.41	-63.32
87.85	-66.49	-63.32
87.98	-66.49	-63.67
88.09	-66.61	-63.96
88.20	-66.61	-63.96
88.34	-66.80	-64.33
88.47	-66.80	-64.70
88.58	-67.06	-64.70
88.84	-67.06	-65.11
88.97	-67.19	-65.55
89.08	-67.19	-65.55
89.21	-67.54	-65.93
89.35	-67.54	-66.34
89.43	-67.47	-66.78
89.57	-67.47	-67.22
89.70	-67.53	-67.22
89.96	-67.53	-67.57
90.09	-67.89	-67.99
90.20	-67.89	-68.25
90.34	-68.43	-68.25
90.47	-68.43	-68.67
90.62	-68.54	-68.86
90.75	-68.54	-68.86
90.86	-68.75	-69.18
91.15	-68.75	-69.28
91.28	-69.24	-69.28
91.41	-69.24	-69.41
91.52	-69.35	-69.34
91.65	-69.65	-69.34
91.90	-69.65	-69.30
92.05	-69.65	-69.17
92.16	-70.08	-69.17
92.42	-70.36	-68.96
92.55	-70.36	-68.72
92.66	-70.90	-68.72
92.80	-70.90	-68.37
92.93	-71.44	-68.10
93.17	-71.44	-67.80
93.30	-71.78	-67.40
93.43	-72.06	-67.40
93.57	-72.06	-67.06
93.65	-72.50	-66.63
93.92	-72.50	-66.63
94.03	-72.75	-66.26
94.29	-72.75	-65.92
94.40	-73.20	-65.92
94.53	-73.20	-65.52
94.66	-73.90	-65.15
94.80	-73.90	-65.15
94.91	-74.40	-64.79
95.04	-74.40	-64.43
95.17	-75.19	-64.43
95.41	-75.19	-64.11
95.56	-75.50	-63.84
95.70	-75.50	-63.84
95.78	-76.22	-63.52
96.05	-76.61	-63.25
96.18	-76.61	-63.00
96.31	-77.72	-62.71
96.55	-77.72	-62.71
96.69	-78.78	-62.51
96.80	-79.56	-62.25
96.93	-79.56	-62.25
97.06	-79.56	-62.04
97.17	-80.97	-61.83
97.30	-80.97	-61.83
97.43	-82.29	-61.74
97.67	-82.29	-61.60
97.81	-83.52	-61.45
97.89	-83.52	-61.36
98.03	-84.76	-61.36
98.16	-84.76	-61.27
98.27	-85.86	-61.23
98.40	-85.86	-61.23
98.58	-88.60	-61.22
98.71	-88.60	-61.22
98.84	-86.66	-61.22
98.95	-86.66	-61.21
99.08	-86.77	-61.22
99.32	-86.77	-61.22
99.45	-84.87	-61.22
99.59	-84.87	-61.31
99.70	-83.36	-61.34
99.83	-83.36	-61.44
99.94	-81.85	-61.55
100.07	-81.85	-61.55
100.20	-79.64	-61.68
100.44	-79.64	-61.81
100.58	-79.08	-61.81
100.68	-79.08	-62.00
100.82	-77.57	-62.21
100.95	-77.57	-62.21
101.06	-76.39	-62.41
101.19	-76.39	-62.65
101.32	-75.77	-62.86
101.56	-75.77	-63.11
101.70	-74.88	-63.11
101.83	-74.88	-63.33
101.96	-74.15	-63.57
102.07	-74.15	-63.87
102.20	-73.61	-64.13
102.35	-73.61	-64.13
102.44	-72.58	-64.40
102.73	-72.58	-64.72
102.84	-71.90	-64.72
102.97	-71.90	-65.03
103.10	-71.45	-65.27
103.21	-71.45	-65.27
103.34	-70.90	-65.51
103.59	-70.90	-65.81
103.74	-70.82	-66.04
103.85	-70.82	-66.30
104.00	-70.20	-66.30
104.13	-69.85	-66.47
104.38	-69.85	-66.67
104.51	-69.51	-66.80
104.77	-69.51	-66.91
104.88	-69.17	-66.91
105.04	-69.17	-66.98
105.15	-68.80	-67.07
105.26	-68.80	-67.05
105.41	-68.60	-67.12
105.54	-68.60	-67.12
105.65	-68.14	-67.12
105.91	-68.14	-67.15
106.05	-67.84	-67.15
106.18	-67.84	-67.18
106.29	-67.68	-67.21
106.42	-67.68	-67.22
106.57	-67.56	-67.17
106.66	-67.56	-67.17
106.82	-67.37	-67.18
107.04	-67.37	-67.23
107.19	-67.40	-67.23
107.32	-67.29	-67.26
107.41	-67.29	-67.35
107.56	-67.29	-67.46
107.67	-67.15	-67.46
107.80	-67.15	-67.44
107.94	-67.18	-67.53
108.18	-67.18	-67.57
108.33	-67.20	-67.71
108.44	-67.23	-67.71
108.57	-67.23	-67.84
108.71	-67.23	-67.82
108.82	-67.29	-67.93
108.97	-67.29	-68.11
109.08	-67.26	-68.29
109.34	-67.26	-68.48
109.45	-67.28	-68.48
109.58	-67.28	-68.70
109.72	-67.34	-68.81
109.80	-67.34	-69.05
109.94	-67.38	-69.05
110.07	-67.38	-69.45
110.18	-67.51	-69.74
110.42	-67.51	-69.74
110.53	-67.66	-69.92
110.66	-67.66	-70.16
110.79	-67.78	-70.16
110.88	-67.78	-70.55
111.03	-67.79	-70.83
111.14	-67.79	-71.12
111.25	-67.97	-71.35
111.52	-67.97	-71.66
111.63	-68.10	-71.86
111.76	-68.10	-72.29
111.87	-68.32	-72.29
111.98	-68.32	-72.68
112.11	-68.35	-72.85
112.24	-68.35	-73.28
112.35	-68.54	-73.39
112.62	-68.54	-73.63
112.75	-68.66	-74.13
112.88	-68.66	-74.27
112.99	-68.92	-74.27
113.14	-68.92	-74.55
113.28	-69.04	-74.85
113.39	-69.04	-75.18
113.52	-69.30	-74.99
113.78	-69.30	-75.23
113.91	-69.61	-75.43
114.02	-69.61	-75.38
114.15	-69.77	-75.83
114.29	-69.77	-75.83
114.40	-70.05	-75.88
114.53	-70.05	-76.25
114.66	-70.26	-76.50
114.90	-70.26	-76.79
115.06	-70.48	-76.57
115.17	-70.48	-76.93
115.30	-70.65	-77.38
115.41	-70.65	-77.29
115.54	-70.69	-77.22
115.80	-70.69	-77.32
115.96	-70.80	-77.32
116.07	-70.74	-77.32
116.18	-70.74	-77.48
116.31	-70.98	-77.72
116.55	-70.98	-77.95
116.70	-71.10	-78.02
116.95	-71.10	-78.26
117.08	-71.24	-78.54
117.21	-71.24	-78.64
117.34	-71.20	-78.64
117.47	-71.27	-78.54
117.74	-71.27	-78.85
117.87	-71.23	-79.14
118.15	-71.23	-79.24
118.26	-71.07	-79.28
118.40	-71.07	-79.44
118.53	-70.88	-79.23
118.64	-70.88	-79.19
118.77	-70.80	-79.12
118.90	-70.80	-78.91
119.03	-70.66	-78.91
119.30	-70.66	-78.69
119.43	-70.27	-78.33
119.54	-70.27	-78.12
119.67	-69.95	-77.97
119.80	-69.95	-77.55
119.93	-69.81	-76.95
120.04	-69.81	-76.73
120.18	-69.55	-76.40
120.42	-69.55	-76.28
120.55	-69.38	-75.82
120.68	-69.38	-75.82
120.79	-69.13	-75.52
120.92	-69.13	-75.29
121.03	-68.93	-74.82
121.16	-68.93	-74.35
121.30	-68.42	-74.21
121.54	-68.42	-73.96
121.67	-68.33	-73.50
121.78	-68.33	-73.13
121.91	-68.16	-72.93
122.04	-68.16	-72.59
122.15	-67.99	-72.25
122.29	-67.99	-72.00
122.42	-67.81	-71.73
122.66	-67.68	-71.31
122.88	-67.68	-70.97
122.99	-67.56	-70.71
123.12	-67.56	-70.37
123.21	-67.57	-70.06
123.36	-67.57	-69.85
123.47	-67.50	-69.61
123.74	-67.50	-69.30
123.87	-67.45	-69.00
124.02	-67.45	-68.65
124.15	-67.54	-68.40
124.29	-67.54	-68.12
124.44	-67.53	-67.95
124.57	-67.53	-67.79
124.70	-67.62	-67.56
124.97	-67.62	-67.35
125.12	-67.59	-67.13
125.25	-67.59	-67.02
125.36	-67.80	-67.02
125.52	-67.80	-66.86
125.63	-67.86	-66.74
125.76	-67.86	-66.59
125.89	-67.94	-66.51
126.15	-67.94	-66.40
126.28	-68.07	-66.36
126.39	-68.07	-66.29
126.55	-68.27	-66.22
126.68	-68.27	-66.22
126.81	-68.38	-66.23
126.94	-68.38	-66.28
127.05	-68.72	-66.25
127.32	-68.72	-66.22
127.43	-69.05	-66.32
127.58	-69.05	-66.35
127.69	-69.29	-66.44
127.82	-69.29	-66.52
127.95	-69.48	-66.59
128.20	-69.48	-66.74
128.33	-69.63	-66.83
128.44	-69.63	-67.04
128.59	-69.98	-67.27
128.72	-69.98	-67.44
128.83	-70.23	-67.78
128.97	-70.23	-68.19
129.10	-70.33	-68.67
129.34	-70.33	-69.21
129.47	-70.72	-69.74
129.58	-70.72	-70.55
129.73	-70.71	-70.55
129.84	-70.71	-72.35
129.98	-70.80	-73.53
130.11	-71.29	-75.14
130.35	-71.29	-75.14
130.48	-71.29	-76.50
130.59	-71.61	-78.48
130.72	-71.61	-80.89
130.86	-71.95	-82.18
130.97	-71.95	-81.51
131.12	-72.33	-79.92
131.23	-72.33	-78.01
131.36	-72.60	-76.21
131.60	-72.60	-74.74
131.73	-72.89	-73.94
131.87	-72.89	-73.10
131.98	-73.14	-72.52
132.13	-73.78	-72.39
132.35	-73.78	-72.33
132.48	-74.38	-72.76
132.72	-74.38	-73.52
132.85	-74.73	-74.39
132.96	-75.09	-75.37
133.07	-75.09	-75.52
133.23	-75.09	-74.27
133.34	-75.80	-71.61
133.47	-75.80	-68.84
133.60	-76.36	-68.84
133.84	-76.36	-66.31
133.98	-76.46	-63.90
134.09	-76.46	-61.85
134.22	-76.59	-59.99
134.35	-76.59	-58.33
134.44	-76.24	-56.72
134.57	-76.24	-55.29
134.70	-75.59	-53.95
134.94	-75.59	-52.71
135.07	-74.60	-51.57
135.21	-73.28	-50.50
135.34	-73.28	-49.49
135.47	-73.28	-48.55
135.58	-72.33	-47.64
135.71	-72.33	-46.79
135.82	-71.19	-46.00
136.11	-71.19	-45.25
136.22	-70.06	-44.55
136.35	-70.06	-43.88
136.48	-69.05	-43.26
136.57	-69.05	-42.67
136.70	-67.99	-42.12
136.83	-67.99	-41.61
136.94	-67.08	-41.15
137.18	-67.08	-40.73
137.27	-66.31	-40.35
137.40	-66.31	-40.01
137.51	-65.47	-39.70
137.60	-65.47	-39.44
137.73	-64.71	-39.20
137.84	-64.71	-39.02
137.95	-64.15	-38.87
138.19	-64.15	-38.75
138.30	-63.64	-38.68
138.44	-63.64	-38.65
138.57	-63.19	-38.66
138.68	-63.19	-38.71
138.81	-62.76	-38.82
138.94	-62.76	-38.97
139.05	-62.33	-39.16
139.34	-62.33	-39.41
139.47	-62.00	-39.70
139.60	-62.00	-40.05
139.71	-61.68	-40.47
139.86	-61.68	-40.93
140.00	-61.42	-41.48
140.11	-61.42	-42.09
140.24	-61.21	-42.78
140.50	-61.21	-43.59
140.63	-61.07	-44.46
140.77	-61.07	-45.46
140.90	-61.01	-46.60
141.03	-61.01	-47.86
141.14	-60.94	-49.29
141.40	-60.93	-50.80
141.53	-60.93	-52.43
141.67	-60.93	-53.95
141.80	-60.94	-54.98
141.93	-61.01	-55.40
142.04	-61.01	-55.06
142.30	-61.14	-54.35
142.44	-61.14	-53.58
142.55	-61.14	-52.86
142.68	-61.30	-52.30
142.81	-61.57	-51.96
142.92	-61.57	-51.76
143.05	-61.57	-51.76
143.18	-61.86	-51.94
143.29	-61.86	-52.33
143.42	-62.19	-52.86
143.67	-62.19	-53.56
143.80	-62.54	-54.31
143.91	-62.54	-55.05
144.02	-62.93	-55.49
144.15	-62.93	-55.36
144.26	-63.31	-54.61
144.39	-63.31	-53.48
144.55	-63.74	-52.19
144.81	-63.74	-50.91
144.94	-64.21	-49.76
145.05	-64.21	-48.70
145.16	-64.67	-47.81
145.29	-64.67	-47.02
145.42	-65.19	-46.37
145.56	-65.19	-45.83
145.67	-65.84	-45.40
145.93	-65.84	-45.09
146.04	-66.33	-44.87
146.17	-66.33	-44.75
146.30	-66.89	-44.74
146.41	-66.89	-44.82
146.54	-67.45	-44.98
146.68	-67.45	-44.98
146.79	-67.99	-45.26
147.05	-67.99	-45.60
147.16	-68.61	-46.04
147.29	-68.61	-46.60
147.40	-69.17	-47.25
147.53	-69.17	-48.01
147.67	-69.70	-48.84
147.78	-69.70	-49.78
148.04	-70.30	-50.83
148.15	-71.22	-51.92
148.37	-71.22	-53.07
148.48	-71.70	-54.17
148.59	-71.70	-55.22
148.72	-72.28	-56.13
148.85	-72.28	-56.88
149.14	-72.58	-57.41
149.27	-72.58	-57.78
149.40	-72.82	-57.90
149.51	-72.82	-57.72
149.64	-72.88	-57.17
149.77	-72.88	-56.28
149.91	-73.41	-55.07
150.04	-73.41	-53.73
150.17	-73.33	-52.32
150.41	-73.33	-51.01
150.54	-72.69	-49.74
150.63	-72.69	-48.59
150.79	-71.93	-47.58
150.92	-71.93	-46.71
151.07	-70.82	-45.96
151.31	-70.11	-45.31
151.47	-70.11	-44.78
151.58	-70.11	-44.35
151.71	-69.57	-44.02
151.84	-69.57	-43.81
151.97	-68.81	-43.69
152.10	-68.81	-43.68
152.26	-67.91	-43.77
152.37	-67.91	-43.77
152.50	-67.12	-43.97
152.72	-67.12	-44.28
152.85	-66.47	-44.69
152.98	-65.95	-45.22
153.09	-65.95	-45.86
153.25	-65.95	-46.59
153.38	-65.44	-47.40
153.69	-64.97	-48.30
153.93	-64.97	-49.19
154.06	-64.74	-50.05
154.17	-64.49	-50.79
154.43	-64.49	-51.32
154.57	-64.38	-51.63
154.81	-64.32	-51.68
154.94	-64.32	-51.58
155.07	-64.32	-51.40
155.18	-64.28	-51.24
155.31	-64.28	-51.17
155.42	-64.45	-51.22
155.55	-64.63	-51.40
155.82	-64.63	-51.69
155.95	-64.83	-52.12
156.06	-64.83	-52.66
156.17	-64.83	-53.32
156.30	-65.11	-54.03
156.43	-65.48	-54.69
156.67	-65.48	-55.26
156.81	-65.89	-55.26
157.05	-65.89	-55.63
157.18	-66.35	-55.77
157.27	-66.35	-55.66
157.38	-66.72	-55.43
157.51	-66.72	-55.17
157.62	-67.18	-54.98
157.75	-67.18	-54.92
158.04	-67.67	-55.00
158.19	-67.67	-55.23
158.30	-68.17	-55.59
158.43	-68.17	-56.04
158.56	-68.49	-56.47
158.67	-68.49	-56.66
158.78	-68.97	-56.43
158.92	-68.97	-55.70
159.05	-69.32	-54.65
159.31	-69.62	-53.45
159.44	-69.62	-52.27
159.58	-69.94	-51.14
159.69	-69.94	-50.14
159.79	-69.94	-50.14
159.93	-70.24	-49.32
160.04	-70.24	-48.62
160.17	-70.49	-48.06
160.43	-70.70	-47.63
160.72	-70.70	-47.33
160.83	-70.88	-47.16
160.96	-70.88	-47.10
161.07	-71.10	-47.15
161.18	-71.10	-47.30
161.29	-71.10	-47.54
161.55	-71.10	-47.88
161.68	-71.00	-48.28
161.79	-71.00	-48.76
161.93	-70.64	-49.28
162.06	-70.64	-49.86
162.32	-70.22	-50.48
162.45	-69.45	-51.11
162.56	-69.45	-51.76
162.72	-69.45	-52.41
162.85	-68.73	-53.09
162.98	-68.73	-53.81
163.11	-68.12	-54.56
163.24	-68.12	-55.29
163.38	-67.48	-56.12
163.51	-67.48	-56.95
163.60	-66.88	-57.66
163.86	-66.88	-58.12
163.95	-66.48	-58.29
164.08	-65.93	-57.97
164.21	-65.93	-57.41
164.32	-65.53	-56.57
164.59	-65.53	-55.73
164.72	-65.33	-54.77
164.85	-65.33	-53.88
164.98	-65.12	-52.93
165.11	-65.12	-51.84
165.22	-64.93	-50.63
165.33	-64.93	-49.34
165.49	-64.93	-48.14
165.62	-64.84	-46.70
165.86	-64.95	-45.28
165.99	-64.95	-44.04
166.10	-64.95	-42.75
166.26	-65.02	-42.75
166.37	-65.18	-41.51
166.50	-65.18	-40.44
166.63	-65.18	-39.37
166.76	-65.36	-38.42
167.02	-65.71	-37.57
167.13	-65.71	-36.77
167.40	-66.07	-36.11
167.53	-66.46	-35.48
167.79	-66.46	-34.94
167.90	-66.88	-34.48
168.04	-66.88	-34.13
168.15	-67.34	-33.88
168.41	-67.34	-33.68
168.52	-67.79	-33.57
168.63	-68.20	-33.52
168.76	-68.20	-33.56
168.87	-68.20	-33.67
169.00	-68.60	-33.87
169.24	-68.90	-34.14
169.38	-68.90	-34.53
169.49	-69.14	-34.98
169.60	-69.14	-35.56
169.86	-69.23	-36.24
169.99	-69.23	-37.05
170.10	-69.31	-38.06
170.36	-69.06	-39.27
170.50	-69.06	-40.45
170.74	-68.84	-41.76
170.87	-68.84	-43.54
171.11	-68.54	-43.54
171.24	-68.10	-45.45
171.49	-68.10	-47.44
171.62	-67.62	-49.42
171.73	-67.25	-50.86
171.99	-67.25	-51.18
172.12	-66.80	-50.48
172.25	-66.80	-49.39
172.50	-66.54	-48.42
172.63	-66.30	-47.67
172.87	-66.30	-47.18
173.00	-66.09	-46.96
173.11	-66.06	-47.00
173.37	-66.06	-47.24
173.48	-66.13	-47.64
173.75	-66.13	-48.32
173.88	-66.38	-49.27
174.01	-66.73	-50.40
174.25	-66.73	-51.64
174.39	-67.25	-52.75
174.65	-67.99	-53.40
174.78	-67.99	-53.15
175.02	-68.87	-52.21
175.15	-69.98	-50.99
175.26	-69.98	-49.73
175.53	-71.62	-48.54
175.66	-71.62	-47.58
175.90	-73.70	-46.81
176.06	-76.55	-46.12
176.30	-76.55	-45.38
176.45	-80.91	-45.19
176.69	-88.68	-45.13
176.82	-88.68	-45.18
177.07	-85.43	-45.34
177.20	-79.31	-45.60
177.46	-79.31	-45.95
177.59	-75.61	-46.41
177.84	-73.18	-46.87
178.08	-71.34	-48.18
178.21	-71.34	-48.89
178.47	-69.88	-49.73
178.58	-68.73	-50.67
178.85	-68.73	-51.60
178.98	-67.91	-52.62
179.22	-67.34	-53.58
179.35	-67.34	-54.45
179.62	-66.92	-55.29
179.73	-66.68	-56.18
30.06	-57.73	-57.73
