!	NAME	
!	LENTH	0
!	DATE	2017-08-24
!	FREQ	2635
!	COUNT	1963
!	GAIN	0
!	PLANE	V
!	MAIN	M
!	POLARIZE	-45
!	PORT	1
179.99	-72.27	-62.90
-179.90	-71.43	-62.83
-179.77	-71.43	-62.83
-179.64	-70.85	-62.74
-179.37	-70.37	-62.73
-179.13	-70.37	-62.61
-179.00	-70.15	-62.61
-178.76	-70.07	-62.47
-178.49	-69.96	-62.47
-178.25	-69.96	-62.37
-177.99	-70.03	-62.37
-177.77	-70.13	-62.23
-177.64	-70.22	-62.11
-177.40	-70.56	-62.11
-177.11	-70.56	-61.96
-177.02	-70.65	-61.96
-176.87	-70.94	-61.82
-176.61	-70.94	-61.82
-176.36	-71.16	-61.82
-176.23	-71.40	-61.74
-175.99	-71.40	-61.74
-175.73	-71.63	-61.68
-175.62	-71.86	-61.68
-175.35	-71.86	-61.55
-175.24	-72.09	-61.55
-174.98	-72.39	-61.46
-174.85	-72.39	-61.46
-174.61	-72.49	-61.46
-174.47	-72.59	-61.42
-174.23	-72.59	-61.39
-174.08	-72.60	-61.39
-173.86	-72.66	-61.36
-173.70	-72.66	-61.36
-173.48	-72.67	-61.30
-173.33	-72.56	-61.30
-173.09	-72.47	-61.30
-172.85	-72.47	-61.38
-172.72	-72.36	-61.38
-172.47	-72.26	-61.41
-172.34	-72.26	-61.41
-172.10	-71.97	-61.40
-171.95	-71.81	-61.40
-171.70	-71.63	-61.45
-171.46	-71.63	-61.45
-171.31	-71.65	-61.51
-171.07	-71.51	-61.51
-170.91	-71.51	-61.51
-170.67	-71.44	-61.49
-170.41	-71.38	-61.49
-170.14	-71.38	-61.31
-169.88	-71.30	-61.31
-169.75	-71.30	-61.31
-169.51	-71.34	-61.04
-169.38	-71.38	-61.04
-169.13	-71.38	-60.68
-169.00	-71.26	-60.68
-168.76	-71.34	-60.08
-168.52	-71.26	-60.08
-168.25	-71.46	-59.26
-168.01	-71.46	-59.26
-167.90	-71.63	-58.45
-167.62	-71.63	-58.45
-167.51	-71.97	-57.61
-167.27	-72.57	-57.61
-167.13	-73.17	-56.64
-166.89	-73.17	-56.64
-166.74	-73.99	-55.80
-166.52	-73.99	-55.80
-166.39	-75.10	-55.80
-166.15	-77.33	-54.98
-165.99	-77.33	-54.98
-165.75	-81.20	-54.14
-165.62	-86.22	-54.14
-165.35	-86.22	-53.34
-165.24	-102.00	-53.34
-165.00	-86.62	-52.61
-164.76	-80.41	-52.61
-164.50	-76.99	-52.61
-164.23	-76.99	-51.92
-164.12	-74.20	-51.92
-163.86	-72.17	-51.28
-163.75	-72.17	-51.28
-163.49	-70.74	-50.71
-163.38	-69.54	-50.71
-163.11	-69.54	-50.16
-163.00	-68.62	-50.16
-162.74	-68.01	-50.16
-162.61	-68.01	-49.70
-162.34	-67.41	-49.70
-162.23	-66.93	-49.31
-161.97	-66.93	-49.31
-161.84	-66.65	-48.98
-161.60	-66.38	-48.98
-161.44	-66.38	-48.68
-161.20	-66.28	-48.68
-161.07	-66.22	-48.41
-160.81	-66.22	-48.41
-160.56	-66.27	-48.20
-160.30	-66.27	-48.20
-160.19	-66.38	-48.20
-159.90	-66.57	-48.02
-159.79	-66.57	-48.02
-159.53	-66.70	-47.89
-159.40	-66.83	-47.89
-159.14	-66.83	-47.77
-159.00	-67.04	-47.77
-158.76	-67.22	-47.68
-158.63	-67.22	-47.68
-158.37	-67.45	-47.68
-158.23	-67.76	-47.62
-157.99	-67.76	-47.62
-157.86	-68.00	-47.56
-157.60	-68.25	-47.56
-157.47	-68.25	-47.50
-157.22	-68.61	-47.50
-157.09	-68.84	-47.43
-156.83	-68.84	-47.43
-156.70	-69.00	-47.43
-156.45	-69.03	-47.34
-156.35	-69.03	-47.34
-156.08	-68.77	-47.22
-155.97	-68.27	-47.22
-155.71	-68.27	-47.08
-155.60	-67.63	-47.08
-155.33	-66.81	-46.92
-155.22	-66.81	-46.92
-154.96	-65.92	-46.92
-154.83	-64.99	-46.74
-154.59	-64.99	-46.57
-154.46	-64.14	-46.57
-154.21	-63.39	-46.39
-154.06	-63.39	-46.39
-153.82	-62.65	-46.19
-153.69	-62.07	-46.19
-153.44	-62.07	-46.19
-153.31	-61.52	-46.01
-153.07	-61.08	-46.01
-152.94	-61.08	-45.84
-152.70	-60.72	-45.84
-152.57	-60.72	-45.70
-152.30	-60.50	-45.70
-152.17	-60.33	-45.56
-151.93	-60.33	-45.56
-151.80	-60.25	-45.56
-151.55	-60.28	-45.47
-151.44	-60.28	-45.47
-151.18	-60.36	-45.40
-151.07	-60.51	-45.40
-150.81	-60.51	-45.37
-150.70	-60.73	-45.37
-150.41	-61.03	-45.36
-150.30	-61.33	-45.36
-149.93	-61.68	-45.41
-149.80	-61.68	-45.41
-149.53	-62.07	-45.41
-149.40	-62.38	-45.49
-149.16	-62.38	-45.49
-149.03	-62.72	-45.62
-148.76	-62.98	-45.62
-148.63	-62.98	-45.80
-148.39	-63.17	-45.80
-148.26	-63.33	-46.01
-147.99	-63.33	-46.01
-147.86	-63.46	-46.01
-147.60	-63.56	-46.25
-147.49	-63.56	-46.25
-147.23	-63.66	-46.55
-147.09	-63.66	-46.55
-146.85	-63.66	-46.92
-146.70	-63.64	-46.92
-146.46	-63.64	-47.33
-146.32	-63.64	-47.33
-146.08	-63.63	-47.83
-145.95	-63.56	-47.83
-145.69	-63.56	-48.37
-145.58	-63.59	-48.37
-145.31	-63.69	-48.97
-145.18	-63.69	-48.97
-144.94	-63.78	-48.97
-144.79	-63.88	-49.65
-144.54	-63.88	-49.65
-144.44	-63.97	-50.35
-144.17	-64.11	-50.35
-144.04	-64.11	-51.14
-143.78	-64.21	-51.14
-143.67	-64.36	-51.14
-143.38	-64.36	-51.99
-143.27	-64.53	-51.99
-143.01	-64.72	-52.89
-142.87	-64.72	-52.89
-142.63	-64.88	-53.87
-142.50	-65.02	-53.87
-142.26	-65.02	-54.90
-142.13	-65.21	-54.90
-141.89	-65.27	-54.90
-141.75	-65.27	-56.07
-141.49	-65.32	-56.07
-141.36	-65.38	-57.25
-141.12	-65.38	-57.25
-140.99	-65.40	-58.45
-140.74	-65.29	-58.45
-140.61	-65.29	-59.68
-140.37	-65.17	-59.68
-140.24	-64.95	-60.83
-140.00	-64.95	-60.83
-139.86	-64.76	-61.83
-139.62	-64.52	-61.83
-139.49	-64.52	-62.63
-139.23	-64.20	-62.63
-139.12	-63.87	-63.12
-138.85	-63.87	-63.12
-138.72	-63.48	-63.12
-138.46	-63.11	-63.31
-138.22	-62.76	-63.31
-137.95	-62.76	-63.22
-137.84	-62.47	-63.22
-137.58	-62.17	-62.97
-137.45	-62.17	-62.97
-137.21	-61.91	-62.68
-137.07	-61.71	-62.68
-136.83	-61.71	-62.45
-136.70	-61.52	-62.45
-136.44	-61.38	-62.27
-136.33	-61.38	-62.27
-136.06	-61.31	-62.27
-135.95	-61.27	-62.16
-135.69	-61.27	-62.16
-135.56	-61.27	-62.11
-135.29	-61.32	-62.11
-135.18	-61.32	-62.16
-134.92	-61.42	-62.16
-134.81	-61.51	-62.34
-134.55	-61.51	-62.34
-134.41	-61.73	-62.34
-134.17	-61.90	-62.53
-134.02	-61.90	-62.53
-133.78	-62.14	-62.91
-133.51	-62.43	-62.91
-133.25	-62.74	-63.27
-133.01	-63.04	-63.27
-132.90	-63.04	-63.78
-132.64	-63.42	-63.78
-132.39	-63.82	-63.78
-132.13	-64.26	-64.43
-131.89	-64.65	-64.43
-131.76	-64.65	-65.25
-131.49	-65.09	-65.25
-131.38	-65.63	-66.16
-131.12	-65.63	-66.16
-131.01	-66.08	-67.15
-130.75	-66.56	-67.15
-130.61	-66.56	-68.20
-130.35	-67.11	-68.20
-130.24	-67.67	-69.43
-129.98	-67.67	-69.43
-129.84	-68.28	-70.56
-129.60	-68.92	-70.56
-129.47	-68.92	-71.59
-129.21	-69.64	-71.59
-129.08	-70.25	-71.86
-128.83	-70.25	-71.86
-128.70	-70.87	-71.60
-128.46	-71.57	-71.60
-128.33	-71.57	-70.96
-128.09	-72.26	-70.96
-127.84	-72.98	-70.26
-127.58	-73.83	-70.26
-127.34	-74.70	-69.34
-127.21	-74.70	-69.34
-126.94	-75.44	-68.49
-126.70	-76.49	-68.49
-126.44	-77.43	-67.66
-126.31	-77.43	-67.66
-126.06	-78.58	-66.99
-125.93	-79.74	-66.99
-125.67	-79.74	-66.34
-125.54	-81.51	-66.34
-125.30	-83.27	-66.34
-125.14	-83.27	-65.75
-124.88	-85.36	-65.36
-124.75	-87.74	-65.36
-124.50	-87.74	-65.07
-124.37	-89.61	-65.07
-124.13	-89.61	-64.89
-124.00	-89.61	-64.89
-123.74	-86.93	-64.80
-123.63	-85.68	-64.80
-123.36	-85.68	-64.74
-123.25	-83.67	-64.74
-122.99	-81.96	-64.75
-122.72	-80.61	-64.75
-122.48	-79.17	-64.76
-122.24	-79.17	-64.76
-122.11	-77.97	-64.88
-121.87	-77.09	-64.88
-121.71	-77.09	-65.07
-121.47	-76.09	-65.07
-121.34	-75.00	-65.28
-121.10	-75.00	-65.28
-120.94	-74.33	-65.57
-120.70	-73.66	-65.57
-120.57	-73.66	-65.86
-120.31	-72.98	-65.86
-120.18	-72.37	-66.15
-119.93	-72.37	-66.15
-119.80	-71.69	-66.15
-119.54	-71.14	-66.57
-119.43	-71.14	-66.57
-119.17	-70.57	-67.01
-118.92	-70.00	-67.01
-118.68	-69.49	-67.50
-118.42	-68.92	-67.50
-118.31	-68.92	-68.06
-118.04	-68.52	-68.06
-117.91	-68.10	-68.65
-117.67	-68.10	-68.65
-117.54	-67.65	-69.23
-117.28	-67.21	-69.23
-117.01	-67.21	-69.85
-116.90	-66.82	-69.85
-116.64	-66.51	-70.30
-116.37	-66.20	-70.30
-116.13	-65.96	-71.03
-116.00	-65.96	-71.03
-115.74	-65.74	-71.64
-115.61	-65.49	-71.64
-115.36	-65.49	-72.37
-115.23	-65.30	-73.29
-114.97	-65.16	-73.29
-114.86	-65.16	-74.41
-114.59	-65.08	-74.41
-114.35	-64.94	-75.63
-114.22	-64.83	-75.63
-113.96	-64.83	-76.93
-113.72	-64.82	-76.93
-113.45	-64.82	-79.12
-113.19	-64.81	-79.12
-112.95	-64.84	-81.33
-112.81	-64.84	-81.33
-112.55	-64.84	-83.92
-112.42	-64.94	-83.92
-112.18	-64.94	-88.06
-112.05	-65.07	-88.06
-111.78	-65.12	-91.75
-111.67	-65.12	-91.75
-111.41	-65.23	-99.45
-111.14	-65.38	-99.45
-110.90	-65.48	-98.45
-110.66	-65.57	-98.45
-110.53	-65.57	-91.51
-110.29	-65.74	-91.51
-110.02	-65.91	-88.41
-109.76	-66.08	-88.41
-109.52	-66.20	-84.85
-109.39	-66.20	-82.49
-109.14	-66.37	-82.49
-109.01	-66.41	-82.49
-108.77	-66.41	-80.93
-108.62	-66.48	-80.93
-108.38	-66.60	-79.31
-108.24	-66.60	-78.32
-108.00	-66.74	-78.32
-107.74	-66.86	-77.66
-107.50	-66.92	-77.66
-107.21	-67.00	-77.66
-107.10	-67.00	-76.69
-106.84	-67.06	-76.69
-106.57	-67.14	-76.10
-106.33	-67.16	-76.10
-106.09	-67.15	-75.61
-105.83	-67.15	-75.61
-105.69	-67.22	-75.01
-105.45	-67.22	-75.01
-105.19	-67.21	-74.40
-104.97	-67.21	-74.40
-104.84	-67.21	-73.99
-104.60	-67.18	-73.99
-104.44	-67.09	-73.51
-104.20	-67.09	-73.51
-103.96	-67.06	-73.06
-103.83	-67.12	-73.06
-103.56	-67.06	-72.74
-103.30	-67.04	-72.74
-103.04	-67.04	-72.26
-102.93	-67.01	-72.26
-102.66	-66.98	-71.90
-102.53	-66.98	-71.90
-102.27	-66.94	-71.72
-102.00	-66.91	-71.72
-101.76	-66.82	-71.22
-101.63	-66.82	-71.22
-101.39	-66.77	-70.94
-101.12	-66.72	-70.94
-100.86	-66.66	-70.65
-100.62	-66.62	-70.65
-100.49	-66.62	-70.31
-100.22	-66.53	-70.31
-99.98	-66.53	-69.98
-99.74	-66.53	-69.98
-99.45	-66.56	-69.81
-99.21	-66.51	-69.81
-98.97	-66.47	-69.58
-98.71	-66.47	-69.58
-98.58	-66.45	-69.33
-98.33	-66.41	-69.33
-98.07	-66.41	-69.10
-97.81	-66.41	-69.10
-97.56	-66.44	-68.93
-97.19	-66.47	-68.93
-97.06	-66.47	-68.75
-96.80	-66.52	-68.75
-96.66	-66.57	-68.52
-96.42	-66.57	-68.52
-96.18	-66.65	-68.30
-95.92	-66.74	-68.30
-95.67	-66.76	-68.23
-95.41	-66.80	-68.23
-95.17	-66.85	-68.07
-94.91	-66.94	-68.07
-94.64	-66.98	-67.92
-94.40	-66.98	-67.92
-94.16	-66.99	-67.88
-93.89	-67.04	-67.88
-93.65	-67.05	-67.90
-93.39	-67.07	-67.90
-93.13	-67.13	-67.77
-92.88	-67.13	-67.77
-92.64	-67.11	-67.77
-92.38	-67.11	-67.71
-92.14	-67.12	-67.71
-91.87	-67.14	-67.72
-91.63	-67.11	-67.72
-91.37	-67.05	-67.78
-91.13	-67.01	-67.78
-90.86	-66.97	-67.75
-90.62	-66.84	-67.75
-90.36	-66.81	-67.81
-90.09	-66.81	-67.81
-89.85	-66.72	-67.89
-89.59	-66.51	-67.89
-89.32	-66.29	-67.96
-89.06	-66.19	-67.96
-88.80	-66.12	-68.15
-88.56	-65.93	-68.15
-88.29	-65.80	-68.25
-88.05	-65.67	-68.25
-87.79	-65.50	-68.33
-87.52	-65.36	-68.33
-87.28	-65.36	-68.59
-87.04	-65.22	-68.59
-86.78	-65.06	-68.78
-86.53	-64.92	-68.97
-86.27	-64.80	-68.97
-86.03	-64.69	-69.20
-85.76	-64.63	-69.37
-85.50	-64.50	-69.37
-85.26	-64.32	-69.37
-84.89	-64.32	-69.57
-84.75	-64.25	-69.57
-84.49	-64.21	-69.77
-84.25	-64.12	-69.77
-83.96	-64.07	-70.08
-83.72	-64.06	-70.08
-83.48	-64.06	-70.42
-83.22	-64.03	-70.42
-82.97	-64.06	-70.65
-82.58	-64.09	-70.65
-82.34	-64.16	-71.10
-82.09	-64.16	-71.10
-81.83	-64.21	-71.33
-81.59	-64.34	-71.86
-81.33	-64.43	-71.86
-81.08	-64.56	-72.19
-80.82	-64.79	-72.19
-80.56	-64.99	-72.62
-80.31	-65.15	-72.62
-80.07	-65.35	-73.18
-79.79	-65.59	-73.18
-79.55	-65.87	-73.73
-79.17	-65.87	-73.73
-79.04	-66.17	-74.33
-78.78	-66.50	-74.33
-78.54	-66.91	-74.77
-78.27	-67.25	-74.77
-78.01	-67.65	-75.21
-77.77	-68.10	-75.21
-77.50	-68.65	-76.08
-77.26	-69.09	-76.08
-76.73	-69.58	-76.92
-76.60	-70.20	-76.92
-76.23	-70.76	-77.48
-75.99	-71.32	-77.48
-75.72	-71.79	-78.35
-75.33	-72.19	-78.35
-75.09	-72.69	-79.12
-74.82	-73.10	-79.12
-74.58	-73.53	-79.86
-74.34	-73.92	-79.86
-74.07	-74.19	-80.54
-73.70	-74.38	-80.54
-73.33	-74.59	-81.65
-73.06	-74.78	-82.11
-72.80	-74.97	-82.11
-72.56	-74.92	-82.11
-72.32	-74.99	-82.58
-71.94	-75.09	-82.62
-71.68	-75.59	-82.62
-71.42	-75.99	-82.44
-71.15	-76.03	-82.44
-70.91	-76.46	-82.48
-70.65	-76.87	-82.48
-70.38	-76.87	-82.37
-70.16	-77.40	-82.04
-69.88	-77.95	-82.04
-69.53	-78.52	-81.16
-69.39	-79.20	-81.16
-69.15	-79.68	-80.31
-68.89	-79.88	-80.31
-68.51	-79.77	-79.90
-68.27	-79.61	-79.90
-68.03	-79.31	-79.46
-67.64	-78.65	-79.46
-67.39	-77.73	-78.68
-67.11	-76.94	-78.68
-66.87	-76.13	-78.05
-66.63	-75.18	-78.05
-66.21	-74.48	-77.66
-65.97	-74.07	-77.66
-65.68	-73.66	-77.21
-65.44	-73.05	-76.67
-65.06	-72.63	-76.67
-64.80	-72.31	-76.38
-64.56	-71.97	-76.38
-64.30	-71.69	-76.11
-63.92	-71.50	-76.04
-63.66	-71.24	-76.04
-63.42	-71.06	-76.04
-63.18	-70.98	-75.95
-62.80	-70.83	-75.95
-62.54	-70.61	-75.58
-62.27	-70.36	-75.58
-62.01	-70.36	-75.45
-61.64	-69.88	-75.45
-61.37	-69.41	-75.41
-61.13	-69.07	-75.41
-60.89	-69.07	-75.25
-60.63	-68.65	-75.25
-60.25	-68.11	-75.23
-59.99	-67.70	-75.23
-59.73	-67.17	-75.21
-59.64	-66.56	-75.21
-59.24	-65.91	-75.42
-58.98	-65.30	-75.42
-58.74	-64.70	-75.33
-58.47	-64.16	-75.33
-58.23	-63.53	-75.13
-57.97	-62.98	-75.13
-57.73	-62.48	-74.98
-57.33	-62.02	-74.98
-57.07	-61.55	-75.21
-56.85	-61.18	-75.21
-56.58	-60.85	-75.39
-56.21	-60.59	-75.39
-55.95	-60.43	-75.35
-55.70	-60.29	-75.35
-55.33	-60.28	-75.17
-55.07	-60.34	-75.17
-54.80	-60.53	-75.18
-54.56	-60.53	-75.18
-54.30	-60.85	-75.11
-54.03	-61.34	-75.11
-53.77	-61.97	-75.25
-53.51	-62.84	-75.25
-53.26	-63.83	-75.06
-53.00	-64.87	-75.06
-52.74	-65.43	-74.91
-52.47	-64.87	-74.91
-52.10	-63.29	-74.63
-51.86	-61.27	-74.63
-51.59	-59.18	-74.76
-51.35	-57.19	-74.76
-50.98	-55.38	-74.37
-50.72	-53.74	-74.37
-50.47	-52.27	-74.19
-50.21	-50.92	-74.19
-49.97	-49.70	-74.21
-49.60	-48.56	-73.97
-49.33	-47.52	-73.97
-49.09	-46.55	-73.75
-48.72	-45.66	-73.75
-48.45	-44.81	-73.60
-48.19	-44.04	-73.60
-47.93	-43.32	-73.27
-47.55	-42.66	-73.27
-47.31	-42.06	-73.24
-46.94	-41.51	-73.24
-46.67	-40.99	-73.08
-46.41	-40.54	-73.08
-46.17	-40.11	-72.99
-45.93	-39.73	-72.99
-45.66	-39.40	-72.82
-45.29	-39.10	-72.82
-45.05	-38.84	-72.54
-44.80	-38.63	-72.54
-44.54	-38.46	-72.22
-44.17	-38.33	-72.22
-43.88	-38.24	-72.04
-43.64	-38.20	-71.89
-43.38	-38.21	-71.89
-42.98	-38.26	-71.89
-42.76	-38.35	-71.86
-42.50	-38.50	-71.86
-42.10	-38.71	-71.89
-41.86	-38.96	-71.89
-41.60	-39.27	-71.65
-41.36	-39.64	-71.79
-40.98	-40.07	-71.79
-40.70	-40.58	-71.79
-40.45	-41.15	-71.71
-40.19	-41.80	-71.71
-39.82	-42.55	-71.75
-39.55	-43.40	-71.75
-39.29	-44.35	-71.67
-39.05	-45.40	-71.67
-38.65	-46.61	-71.46
-38.41	-47.91	-71.46
-38.17	-49.26	-71.26
-37.91	-50.76	-71.26
-37.53	-52.13	-71.20
-37.27	-53.24	-71.20
-36.89	-53.80	-71.07
-36.65	-53.78	-71.07
-36.41	-53.29	-70.91
-36.15	-52.65	-70.91
-35.91	-52.00	-70.79
-35.51	-51.47	-70.79
-35.27	-51.11	-70.76
-35.03	-50.90	-70.76
-34.74	-50.88	-70.58
-34.50	-51.04	-70.58
-34.10	-51.40	-70.46
-33.86	-51.94	-70.46
-33.62	-52.70	-70.37
-33.36	-53.66	-70.37
-32.98	-54.74	-70.32
-32.74	-55.84	-70.32
-32.50	-56.54	-70.20
-32.24	-56.46	-70.20
-31.88	-55.52	-70.16
-31.62	-54.09	-70.16
-31.36	-52.59	-70.10
-31.12	-51.14	-70.10
-30.74	-49.91	-69.97
-30.48	-48.84	-69.97
-30.19	-47.93	-69.84
-29.82	-47.21	-69.84
-29.55	-46.64	-69.77
-29.31	-46.19	-69.77
-29.05	-45.87	-69.83
-28.79	-45.69	-69.83
-28.54	-45.61	-69.80
-28.30	-45.61	-69.80
-28.04	-45.65	-69.69
-27.78	-45.80	-69.69
-27.53	-46.08	-69.49
-27.29	-46.47	-69.49
-27.03	-46.99	-69.37
-26.79	-47.65	-69.37
-26.41	-48.45	-69.33
-26.15	-49.43	-69.36
-25.91	-50.63	-69.36
-25.62	-52.04	-69.40
-25.38	-53.72	-69.40
-25.01	-55.72	-69.34
-24.76	-58.10	-69.34
-24.50	-61.12	-69.35
-24.13	-65.11	-69.35
-23.86	-70.95	-69.23
-23.62	-82.25	-69.24
-23.38	-79.04	-69.24
-23.01	-73.97	-69.06
-22.74	-72.48	-69.06
-22.48	-72.24	-69.07
-22.24	-70.90	-69.07
-21.86	-67.31	-69.04
-21.62	-63.30	-69.04
-21.36	-59.91	-69.07
-21.10	-57.01	-69.07
-20.70	-54.65	-69.04
-20.46	-52.70	-69.04
-20.24	-51.04	-69.05
-19.95	-49.64	-69.05
-19.60	-48.43	-69.03
-19.34	-47.43	-69.03
-19.07	-46.56	-68.85
-18.85	-45.85	-68.85
-18.46	-45.28	-68.85
-18.19	-44.83	-68.85
-17.95	-44.51	-68.85
-17.69	-44.30	-68.85
-17.45	-44.30	-68.71
-17.18	-44.21	-68.71
-16.92	-44.23	-68.61
-16.68	-44.37	-68.61
-16.41	-44.62	-68.64
-16.15	-44.98	-68.64
-15.91	-45.44	-68.51
-15.67	-45.98	-68.51
-15.40	-46.62	-68.42
-15.03	-47.30	-68.42
-14.77	-47.98	-68.20
-14.52	-48.59	-68.20
-14.15	-49.08	-68.07
-13.91	-49.37	-68.01
-13.65	-49.44	-68.01
-13.40	-49.29	-67.96
-13.03	-48.98	-67.96
-12.77	-48.60	-67.88
-12.53	-48.25	-67.88
-12.24	-47.95	-67.93
-12.00	-47.74	-67.93
-11.62	-47.64	-67.94
-11.36	-47.64	-67.94
-11.01	-47.74	-68.04
-10.75	-47.96	-68.04
-10.48	-48.29	-68.09
-10.24	-48.73	-68.09
-10.00	-49.26	-68.15
-9.76	-49.26	-68.15
-9.49	-49.88	-68.26
-9.23	-50.58	-68.26
-9.01	-51.30	-68.39
-8.75	-52.06	-68.39
-8.48	-52.78	-68.52
-8.24	-53.48	-68.52
-7.98	-54.09	-68.72
-7.73	-54.63	-68.72
-7.34	-55.13	-69.03
-7.10	-55.62	-69.03
-6.86	-56.07	-69.35
-6.59	-56.55	-69.35
-6.22	-57.07	-69.61
-5.95	-57.57	-69.61
-5.71	-57.93	-70.06
-5.34	-58.07	-70.06
-5.08	-57.90	-70.62
-4.83	-57.43	-70.62
-4.57	-56.67	-71.26
-4.31	-55.82	-71.26
-4.09	-55.82	-71.93
-3.80	-55.01	-71.93
-3.56	-54.24	-72.78
-3.30	-53.61	-72.78
-3.03	-53.08	-73.57
-2.77	-52.72	-73.57
-2.53	-52.50	-74.48
-2.29	-52.40	-74.48
-1.91	-52.43	-75.60
-1.65	-52.58	-75.60
-1.41	-52.81	-76.83
-1.01	-53.13	-76.83
-0.77	-53.47	-78.05
-0.55	-53.83	-78.05
-0.26	-54.19	-79.06
-0.02	-54.52	-80.18
0.35	-54.85	-80.18
0.62	-55.11	-80.18
0.86	-55.42	-80.48
1.25	-55.77	-80.48
1.49	-56.27	-80.05
1.78	-56.96	-80.05
2.04	-57.96	-79.26
2.24	-59.16	-79.26
2.61	-60.92	-78.12
2.90	-63.03	-78.12
3.14	-64.49	-76.94
3.49	-63.54	-76.94
3.76	-60.91	-76.04
4.00	-58.34	-75.32
4.24	-56.15	-75.32
4.50	-54.33	-74.44
4.75	-52.94	-74.44
5.12	-51.75	-74.00
5.38	-50.83	-73.77
5.76	-50.07	-73.77
6.04	-49.40	-73.77
6.31	-48.82	-73.31
6.55	-48.23	-73.31
6.88	-47.65	-73.02
7.14	-46.85	-73.02
7.43	-45.90	-72.89
7.65	-44.92	-72.89
7.89	-43.78	-73.10
8.17	-43.78	-73.10
8.42	-42.60	-73.43
8.66	-41.49	-73.43
8.90	-40.33	-74.06
9.16	-39.29	-74.06
9.40	-38.32	-74.53
9.67	-37.40	-75.00
9.93	-36.62	-75.00
10.31	-35.88	-75.00
10.61	-35.22	-74.91
10.88	-34.66	-74.91
11.12	-34.23	-74.42
11.45	-33.90	-74.42
11.71	-33.61	-73.52
12.00	-33.41	-73.52
12.24	-33.29	-72.78
12.59	-33.26	-72.78
12.81	-33.31	-71.67
13.07	-33.45	-71.67
13.32	-33.66	-70.45
13.58	-33.98	-70.45
13.95	-34.37	-69.31
14.20	-34.88	-69.31
14.46	-35.50	-68.31
14.83	-36.24	-68.31
15.12	-37.17	-67.28
15.40	-38.27	-67.28
15.60	-39.33	-66.47
15.82	-40.52	-66.47
16.08	-42.08	-65.73
16.35	-42.08	-65.73
16.61	-43.71	-65.13
16.83	-45.31	-65.13
17.21	-46.80	-64.56
17.47	-47.86	-64.56
17.69	-48.19	-64.12
17.97	-47.87	-64.12
18.22	-47.20	-63.74
18.46	-46.52	-63.74
18.72	-45.97	-63.47
19.10	-45.62	-63.47
19.38	-45.45	-63.20
19.80	-45.54	-63.20
20.04	-45.82	-62.97
20.26	-46.24	-62.97
20.50	-46.93	-62.85
20.79	-47.93	-62.85
21.05	-49.14	-62.76
21.42	-50.54	-62.76
21.67	-52.07	-62.71
21.91	-53.29	-62.80
22.15	-53.63	-62.80
22.41	-52.94	-62.80
22.77	-51.68	-62.98
23.03	-50.28	-63.12
23.42	-48.88	-63.12
23.67	-47.78	-63.34
24.06	-46.89	-63.34
24.37	-46.18	-63.34
24.68	-45.38	-63.55
24.92	-45.23	-63.88
25.36	-45.22	-63.88
25.60	-45.33	-63.88
25.95	-45.57	-64.29
26.17	-45.94	-64.29
26.59	-46.50	-64.71
26.79	-47.12	-64.71
27.14	-47.82	-65.10
27.38	-49.77	-65.10
27.71	-50.95	-65.56
27.93	-52.41	-65.56
28.19	-54.10	-66.02
28.52	-55.84	-66.02
28.85	-57.85	-66.55
29.03	-59.89	-66.55
29.12	-61.81	-67.00
29.49	-63.55	-67.37
29.80	-64.80	-67.37
30.10	-62.90	-67.37
30.13	-62.83	-67.74
30.15	-62.83	-67.74
30.17	-62.74	-68.02
30.19	-62.73	-68.02
30.21	-62.61	-68.17
30.24	-62.61	-68.17
30.26	-62.47	-68.29
30.28	-62.47	-68.29
30.30	-62.37	-68.27
30.32	-62.37	-68.27
30.35	-62.23	-68.26
30.37	-62.11	-68.26
30.39	-62.11	-68.22
30.41	-61.96	-68.22
30.46	-61.96	-68.15
30.48	-61.82	-68.15
30.52	-61.82	-68.19
30.54	-61.82	-68.19
30.59	-61.74	-68.08
30.61	-61.74	-68.30
30.65	-61.68	-68.30
30.68	-61.68	-68.38
30.72	-61.55	-68.38
30.74	-61.55	-68.66
30.76	-61.46	-68.66
30.83	-61.46	-69.05
30.85	-61.46	-69.05
30.90	-61.42	-69.44
30.94	-61.39	-69.44
31.01	-61.39	-70.04
31.03	-61.36	-70.04
31.05	-61.36	-70.84
31.09	-61.30	-70.84
31.14	-61.30	-71.97
31.20	-61.30	-71.97
31.27	-61.38	-73.33
31.33	-61.38	-73.33
31.38	-61.41	-75.19
31.42	-61.41	-75.19
31.47	-61.40	-78.03
31.51	-61.40	-81.98
31.58	-61.45	-81.98
31.62	-61.45	-81.98
31.69	-61.51	-91.04
31.75	-61.51	-91.04
31.80	-61.51	-89.28
31.86	-61.49	-89.28
31.93	-61.49	-80.54
31.99	-61.31	-80.54
32.06	-61.31	-76.69
32.13	-61.31	-76.69
32.19	-61.04	-74.07
32.26	-61.04	-72.01
32.32	-60.68	-72.01
32.39	-60.68	-72.01
32.46	-60.08	-70.36
32.54	-60.08	-69.01
32.65	-59.26	-69.01
32.74	-59.26	-68.10
32.81	-58.45	-67.32
32.87	-58.45	-67.32
32.94	-57.61	-66.74
33.00	-57.61	-66.30
33.11	-56.64	-66.30
33.27	-56.64	-66.30
33.33	-55.80	-65.96
33.42	-55.80	-65.70
33.49	-55.80	-65.70
33.55	-54.98	-65.55
33.66	-54.98	-65.55
33.75	-54.14	-65.52
33.84	-54.14	-65.52
33.91	-53.34	-65.52
34.02	-53.34	-65.58
34.10	-52.61	-65.61
34.19	-52.61	-65.61
34.26	-52.61	-65.78
34.37	-51.92	-66.03
34.46	-51.92	-66.03
34.54	-51.28	-66.03
34.63	-51.28	-66.19
34.74	-50.71	-66.19
34.85	-50.71	-66.36
34.94	-50.16	-66.36
35.03	-50.16	-66.56
35.14	-50.16	-66.56
35.22	-49.70	-66.76
35.31	-49.70	-66.76
35.42	-49.31	-67.07
35.51	-49.31	-67.07
35.60	-48.98	-67.23
35.71	-48.98	-67.23
35.80	-48.68	-67.47
35.91	-48.68	-67.58
36.02	-48.41	-67.58
36.13	-48.41	-67.68
36.26	-48.20	-67.68
36.35	-48.20	-67.68
36.45	-48.20	-67.81
36.59	-48.02	-67.81
36.67	-48.02	-67.94
36.81	-47.89	-68.17
36.94	-47.89	-68.17
37.05	-47.77	-68.20
37.18	-47.77	-68.20
37.31	-47.68	-68.32
37.44	-47.68	-68.32
37.58	-47.68	-68.35
37.71	-47.62	-68.35
37.82	-47.62	-68.18
37.93	-47.56	-68.18
38.06	-47.56	-68.02
38.17	-47.50	-68.02
38.30	-47.50	-67.84
38.41	-47.43	-67.42
38.52	-47.43	-67.42
38.63	-47.43	-67.42
38.76	-47.34	-66.89
38.87	-47.34	-66.89
39.05	-47.22	-66.29
39.18	-47.22	-66.29
39.31	-47.08	-65.74
39.42	-47.08	-65.74
39.51	-46.92	-65.19
39.64	-46.92	-65.19
39.79	-46.92	-64.65
39.90	-46.74	-64.19
40.04	-46.57	-64.19
40.26	-46.57	-63.70
40.37	-46.39	-63.70
40.50	-46.39	-63.19
40.61	-46.19	-63.19
40.74	-46.19	-62.79
40.87	-46.19	-62.79
41.03	-46.01	-62.46
41.16	-46.01	-62.46
41.27	-45.84	-62.46
41.38	-45.84	-62.17
41.51	-45.70	-62.02
41.62	-45.70	-62.02
41.79	-45.56	-62.02
41.93	-45.56	-61.90
42.06	-45.56	-61.83
42.19	-45.47	-61.83
42.30	-45.47	-61.83
42.41	-45.40	-61.77
42.54	-45.40	-61.81
42.67	-45.37	-61.81
42.92	-45.37	-61.94
43.03	-45.36	-62.09
43.16	-45.36	-62.09
43.31	-45.41	-62.26
43.42	-45.41	-62.26
43.55	-45.41	-62.46
43.68	-45.49	-62.46
43.79	-45.49	-62.78
43.93	-45.62	-63.10
44.06	-45.62	-63.10
44.19	-45.80	-63.10
44.32	-45.80	-63.45
44.41	-46.01	-63.79
44.54	-46.01	-63.79
44.67	-46.01	-64.20
44.76	-46.25	-64.20
44.91	-46.25	-64.64
45.02	-46.55	-64.64
45.13	-46.55	-65.11
45.29	-46.92	-65.55
45.42	-46.92	-65.55
45.53	-47.33	-65.97
45.68	-47.33	-65.97
45.82	-47.83	-66.28
45.95	-47.83	-66.58
46.08	-48.37	-66.58
46.21	-48.37	-66.78
46.34	-48.97	-66.95
46.48	-48.97	-66.95
46.58	-48.97	-67.14
46.72	-49.65	-67.14
46.85	-49.65	-67.21
46.96	-50.35	-67.23
47.09	-50.35	-67.23
47.20	-51.14	-67.30
47.33	-51.14	-67.26
47.46	-51.14	-67.26
47.60	-51.99	-67.25
47.73	-51.99	-67.25
47.84	-52.89	-67.40
47.95	-52.89	-67.58
48.08	-53.87	-67.58
48.23	-53.87	-67.85
48.34	-54.90	-68.10
48.45	-54.90	-68.10
48.58	-54.90	-68.44
48.69	-56.07	-68.89
48.83	-56.07	-68.89
48.96	-57.25	-69.55
49.09	-57.25	-69.55
49.20	-58.45	-70.28
49.31	-58.45	-71.21
49.57	-59.68	-71.21
49.68	-59.68	-72.46
49.82	-60.83	-73.91
49.95	-60.83	-73.91
50.06	-61.83	-75.93
50.19	-61.83	-78.40
50.32	-62.63	-78.40
50.43	-62.63	-81.62
50.58	-63.12	-86.24
50.69	-63.12	-85.78
50.80	-63.12	-85.78
50.96	-63.31	-81.70
51.09	-63.31	-78.72
51.20	-63.22	-78.72
51.33	-63.22	-76.20
51.44	-62.97	-74.53
51.70	-62.97	-74.53
51.81	-62.68	-73.29
51.95	-62.68	-72.27
52.06	-62.45	-72.27
52.17	-62.45	-71.43
52.30	-62.27	-71.43
52.43	-62.27	-70.85
52.54	-62.27	-70.37
52.69	-62.16	-70.37
52.80	-62.16	-70.15
52.91	-62.11	-70.07
53.05	-62.11	-69.96
53.18	-62.16	-69.96
53.31	-62.16	-70.03
53.42	-62.34	-70.13
53.55	-62.34	-70.22
53.66	-62.34	-70.56
53.79	-62.53	-70.56
53.90	-62.53	-70.65
54.03	-62.91	-70.94
54.17	-62.91	-70.94
54.28	-63.27	-71.16
54.41	-63.27	-71.40
54.56	-63.78	-71.40
54.67	-63.78	-71.63
54.80	-63.78	-71.86
54.94	-64.43	-71.86
55.07	-64.43	-72.09
55.20	-65.25	-72.39
55.33	-65.25	-72.39
55.46	-66.16	-72.49
55.59	-66.16	-72.59
55.84	-67.15	-72.59
55.97	-67.15	-72.60
56.10	-68.20	-72.66
56.23	-68.20	-72.66
56.34	-69.43	-72.67
56.47	-69.43	-72.56
56.61	-70.56	-72.47
56.71	-70.56	-72.47
56.87	-71.59	-72.36
56.98	-71.59	-72.26
57.09	-71.86	-72.26
57.24	-71.86	-71.97
57.48	-71.60	-71.81
57.62	-71.60	-71.63
57.75	-70.96	-71.63
57.86	-70.96	-71.65
57.99	-70.26	-71.51
58.12	-70.26	-71.51
58.25	-69.34	-71.44
58.47	-69.34	-71.38
58.60	-68.49	-71.38
58.74	-68.49	-71.30
58.85	-67.66	-71.30
58.98	-67.66	-71.34
59.11	-66.99	-71.38
59.22	-66.99	-71.38
59.40	-66.34	-71.26
59.53	-66.34	-71.34
59.77	-66.34	-71.26
59.88	-65.75	-71.46
60.01	-65.36	-71.46
60.16	-65.36	-71.63
60.27	-65.07	-71.63
60.52	-65.07	-71.97
60.63	-64.89	-72.57
60.76	-64.89	-73.17
60.89	-64.80	-73.17
61.02	-64.80	-73.99
61.13	-64.74	-73.99
61.26	-64.74	-75.10
61.37	-64.75	-77.33
61.64	-64.75	-77.33
61.77	-64.76	-81.20
61.88	-64.76	-86.22
61.99	-64.88	-86.22
62.12	-64.88	-102.00
62.25	-65.07	-86.62
62.36	-65.07	-80.41
62.49	-65.28	-76.99
62.71	-65.28	-76.99
62.85	-65.57	-74.20
63.00	-65.57	-72.17
63.11	-65.86	-72.17
63.24	-65.86	-70.74
63.35	-66.15	-69.54
63.46	-66.15	-69.54
63.61	-66.15	-68.62
63.75	-66.57	-68.01
63.86	-66.57	-68.01
63.99	-67.01	-67.41
64.10	-67.01	-66.93
64.23	-67.50	-66.93
64.36	-67.50	-66.65
64.49	-68.06	-66.38
64.76	-68.06	-66.38
64.85	-68.65	-66.28
64.98	-68.65	-66.22
65.11	-69.23	-66.22
65.22	-69.23	-66.27
65.35	-69.85	-66.27
65.59	-69.85	-66.38
65.72	-70.30	-66.57
65.86	-70.30	-66.57
65.99	-71.03	-66.70
66.10	-71.03	-66.83
66.21	-71.64	-66.83
66.34	-71.64	-67.04
66.47	-72.37	-67.22
66.74	-73.29	-67.22
66.84	-73.29	-67.45
66.95	-74.41	-67.76
67.24	-74.41	-67.76
67.35	-75.63	-68.00
67.48	-75.63	-68.25
67.72	-76.93	-68.25
67.88	-76.93	-68.61
67.99	-79.12	-68.84
68.14	-79.12	-68.84
68.27	-81.33	-69.00
68.38	-81.33	-69.03
68.51	-83.92	-69.03
68.65	-83.92	-68.77
68.78	-88.06	-68.27
68.91	-88.06	-68.27
69.02	-91.75	-67.63
69.31	-91.75	-66.81
69.42	-99.45	-66.81
69.55	-99.45	-65.92
69.66	-98.45	-64.99
69.77	-98.45	-64.99
69.92	-91.51	-64.14
70.05	-91.51	-63.39
70.29	-88.41	-63.39
70.40	-88.41	-62.65
70.54	-84.85	-62.07
70.80	-82.49	-62.07
70.93	-82.49	-61.52
71.04	-82.49	-61.08
71.15	-80.93	-61.08
71.28	-80.93	-60.72
71.44	-79.31	-60.72
71.55	-78.32	-60.50
71.68	-78.32	-60.33
71.90	-77.66	-60.33
72.05	-77.66	-60.25
72.16	-77.66	-60.28
72.29	-76.69	-60.28
72.43	-76.69	-60.36
72.54	-76.10	-60.51
72.67	-76.10	-60.51
72.80	-75.61	-60.73
72.93	-75.61	-61.03
73.06	-75.01	-61.33
73.31	-75.01	-61.68
73.44	-74.40	-61.68
73.57	-74.40	-62.07
73.68	-73.99	-62.38
73.81	-73.99	-62.38
73.92	-73.51	-62.72
74.05	-73.51	-62.98
74.18	-73.06	-62.98
74.43	-73.06	-63.17
74.56	-72.74	-63.33
74.65	-72.74	-63.33
74.78	-72.26	-63.46
74.91	-72.26	-63.56
75.04	-71.90	-63.56
75.17	-71.90	-63.66
75.39	-71.72	-63.66
75.52	-71.72	-63.66
75.66	-71.22	-63.64
75.77	-71.22	-63.64
75.90	-70.94	-63.64
76.03	-70.94	-63.63
76.12	-70.65	-63.56
76.25	-70.65	-63.56
76.51	-70.31	-63.59
76.65	-70.31	-63.69
76.76	-69.98	-63.69
76.89	-69.98	-63.78
77.02	-69.81	-63.88
77.13	-69.81	-63.88
77.28	-69.58	-63.97
77.41	-69.58	-64.11
77.66	-69.33	-64.11
77.79	-69.33	-64.21
77.92	-69.10	-64.36
78.05	-69.10	-64.36
78.16	-68.93	-64.53
78.29	-68.93	-64.72
78.43	-68.75	-64.72
78.67	-68.75	-64.88
78.80	-68.52	-65.02
78.91	-68.52	-65.02
79.04	-68.30	-65.21
79.17	-68.30	-65.27
79.30	-68.23	-65.27
79.44	-68.23	-65.32
79.57	-68.07	-65.38
79.68	-68.07	-65.38
79.81	-67.92	-65.40
80.07	-67.92	-65.29
80.21	-67.88	-65.29
80.32	-67.88	-65.17
80.45	-67.90	-64.95
80.58	-67.90	-64.95
80.71	-67.77	-64.76
80.84	-67.77	-64.52
80.95	-67.77	-64.52
81.08	-67.71	-64.20
81.22	-67.71	-63.87
81.33	-67.72	-63.87
81.48	-67.72	-63.48
81.61	-67.78	-63.11
81.72	-67.78	-62.76
81.85	-67.75	-62.76
82.12	-67.75	-62.47
82.25	-67.81	-62.17
82.36	-67.81	-62.17
82.49	-67.89	-61.91
82.62	-67.89	-61.71
82.75	-67.96	-61.71
82.89	-67.96	-61.52
83.00	-68.15	-61.38
83.24	-68.15	-61.38
83.37	-68.25	-61.31
83.48	-68.25	-61.27
83.63	-68.33	-61.27
83.74	-68.33	-61.27
83.85	-68.59	-61.32
83.98	-68.59	-61.32
84.12	-68.78	-61.42
84.38	-68.97	-61.51
84.62	-68.97	-61.51
84.75	-69.20	-61.73
85.00	-69.37	-61.90
85.13	-69.37	-61.90
85.22	-69.37	-62.14
85.35	-69.57	-62.43
85.48	-69.57	-62.74
85.59	-69.77	-63.04
85.74	-69.77	-63.04
85.85	-70.08	-63.42
85.96	-70.08	-63.82
86.09	-70.42	-64.26
86.23	-70.42	-64.65
86.36	-70.65	-64.65
86.60	-70.65	-65.09
86.73	-71.10	-65.63
86.86	-71.10	-65.63
87.00	-71.33	-66.08
87.24	-71.86	-66.56
87.35	-71.86	-66.56
87.48	-72.19	-67.11
87.72	-72.19	-67.67
87.85	-72.62	-67.67
87.98	-72.62	-68.28
88.09	-73.18	-68.92
88.20	-73.18	-68.92
88.34	-73.73	-69.64
88.47	-73.73	-70.25
88.58	-74.33	-70.25
88.84	-74.33	-70.87
88.97	-74.77	-71.57
89.08	-74.77	-71.57
89.21	-75.21	-72.26
89.35	-75.21	-72.98
89.43	-76.08	-73.83
89.57	-76.08	-74.70
89.70	-76.92	-74.70
89.96	-76.92	-75.44
90.09	-77.48	-76.49
90.20	-77.48	-77.43
90.34	-78.35	-77.43
90.47	-78.35	-78.58
90.62	-79.12	-79.74
90.75	-79.12	-79.74
90.86	-79.86	-81.51
91.15	-79.86	-83.27
91.28	-80.54	-83.27
91.41	-80.54	-85.36
91.52	-81.65	-87.74
91.65	-82.11	-87.74
91.90	-82.11	-89.61
92.05	-82.11	-89.61
92.16	-82.58	-89.61
92.42	-82.62	-86.93
92.55	-82.62	-85.68
92.66	-82.44	-85.68
92.80	-82.44	-83.67
92.93	-82.48	-81.96
93.17	-82.48	-80.61
93.30	-82.37	-79.17
93.43	-82.04	-79.17
93.57	-82.04	-77.97
93.65	-81.16	-77.09
93.92	-81.16	-77.09
94.03	-80.31	-76.09
94.29	-80.31	-75.00
94.40	-79.90	-75.00
94.53	-79.90	-74.33
94.66	-79.46	-73.66
94.80	-79.46	-73.66
94.91	-78.68	-72.98
95.04	-78.68	-72.37
95.17	-78.05	-72.37
95.41	-78.05	-71.69
95.56	-77.66	-71.14
95.70	-77.66	-71.14
95.78	-77.21	-70.57
96.05	-76.67	-70.00
96.18	-76.67	-69.49
96.31	-76.38	-68.92
96.55	-76.38	-68.92
96.69	-76.11	-68.52
96.80	-76.04	-68.10
96.93	-76.04	-68.10
97.06	-76.04	-67.65
97.17	-75.95	-67.21
97.30	-75.95	-67.21
97.43	-75.58	-66.82
97.67	-75.58	-66.51
97.81	-75.45	-66.20
97.89	-75.45	-65.96
98.03	-75.41	-65.96
98.16	-75.41	-65.74
98.27	-75.25	-65.49
98.40	-75.25	-65.49
98.58	-75.23	-65.30
98.71	-75.23	-65.16
98.84	-75.21	-65.16
98.95	-75.21	-65.08
99.08	-75.42	-64.94
99.32	-75.42	-64.83
99.45	-75.33	-64.83
99.59	-75.33	-64.82
99.70	-75.13	-64.82
99.83	-75.13	-64.81
99.94	-74.98	-64.84
100.07	-74.98	-64.84
100.20	-75.21	-64.84
100.44	-75.21	-64.94
100.58	-75.39	-64.94
100.68	-75.39	-65.07
100.82	-75.35	-65.12
100.95	-75.35	-65.12
101.06	-75.17	-65.23
101.19	-75.17	-65.38
101.32	-75.18	-65.48
101.56	-75.18	-65.57
101.70	-75.11	-65.57
101.83	-75.11	-65.74
101.96	-75.25	-65.91
102.07	-75.25	-66.08
102.20	-75.06	-66.20
102.35	-75.06	-66.20
102.44	-74.91	-66.37
102.73	-74.91	-66.41
102.84	-74.63	-66.41
102.97	-74.63	-66.48
103.10	-74.76	-66.60
103.21	-74.76	-66.60
103.34	-74.37	-66.74
103.59	-74.37	-66.86
103.74	-74.19	-66.92
103.85	-74.19	-67.00
104.00	-74.21	-67.00
104.13	-73.97	-67.06
104.38	-73.97	-67.14
104.51	-73.75	-67.16
104.77	-73.75	-67.15
104.88	-73.60	-67.15
105.04	-73.60	-67.22
105.15	-73.27	-67.22
105.26	-73.27	-67.21
105.41	-73.24	-67.21
105.54	-73.24	-67.21
105.65	-73.08	-67.18
105.91	-73.08	-67.09
106.05	-72.99	-67.09
106.18	-72.99	-67.06
106.29	-72.82	-67.12
106.42	-72.82	-67.06
106.57	-72.54	-67.04
106.66	-72.54	-67.04
106.82	-72.22	-67.01
107.04	-72.22	-66.98
107.19	-72.04	-66.98
107.32	-71.89	-66.94
107.41	-71.89	-66.91
107.56	-71.89	-66.82
107.67	-71.86	-66.82
107.80	-71.86	-66.77
107.94	-71.89	-66.72
108.18	-71.89	-66.66
108.33	-71.65	-66.62
108.44	-71.79	-66.62
108.57	-71.79	-66.53
108.71	-71.79	-66.53
108.82	-71.71	-66.53
108.97	-71.71	-66.56
109.08	-71.75	-66.51
109.34	-71.75	-66.47
109.45	-71.67	-66.47
109.58	-71.67	-66.45
109.72	-71.46	-66.41
109.80	-71.46	-66.41
109.94	-71.26	-66.41
110.07	-71.26	-66.44
110.18	-71.20	-66.47
110.42	-71.20	-66.47
110.53	-71.07	-66.52
110.66	-71.07	-66.57
110.79	-70.91	-66.57
110.88	-70.91	-66.65
111.03	-70.79	-66.74
111.14	-70.79	-66.76
111.25	-70.76	-66.80
111.52	-70.76	-66.85
111.63	-70.58	-66.94
111.76	-70.58	-66.98
111.87	-70.46	-66.98
111.98	-70.46	-66.99
112.11	-70.37	-67.04
112.24	-70.37	-67.05
112.35	-70.32	-67.07
112.62	-70.32	-67.13
112.75	-70.20	-67.13
112.88	-70.20	-67.11
112.99	-70.16	-67.11
113.14	-70.16	-67.12
113.28	-70.10	-67.14
113.39	-70.10	-67.11
113.52	-69.97	-67.05
113.78	-69.97	-67.01
113.91	-69.84	-66.97
114.02	-69.84	-66.84
114.15	-69.77	-66.81
114.29	-69.77	-66.81
114.40	-69.83	-66.72
114.53	-69.83	-66.51
114.66	-69.80	-66.29
114.90	-69.80	-66.19
115.06	-69.69	-66.12
115.17	-69.69	-65.93
115.30	-69.49	-65.80
115.41	-69.49	-65.67
115.54	-69.37	-65.50
115.80	-69.37	-65.36
115.96	-69.33	-65.36
116.07	-69.36	-65.22
116.18	-69.36	-65.06
116.31	-69.40	-64.92
116.55	-69.40	-64.80
116.70	-69.34	-64.69
116.95	-69.34	-64.63
117.08	-69.35	-64.50
117.21	-69.35	-64.32
117.34	-69.23	-64.32
117.47	-69.24	-64.25
117.74	-69.24	-64.21
117.87	-69.06	-64.12
118.15	-69.06	-64.07
118.26	-69.07	-64.06
118.40	-69.07	-64.06
118.53	-69.04	-64.03
118.64	-69.04	-64.06
118.77	-69.07	-64.09
118.90	-69.07	-64.16
119.03	-69.04	-64.16
119.30	-69.04	-64.21
119.43	-69.05	-64.34
119.54	-69.05	-64.43
119.67	-69.03	-64.56
119.80	-69.03	-64.79
119.93	-68.85	-64.99
120.04	-68.85	-65.15
120.18	-68.85	-65.35
120.42	-68.85	-65.59
120.55	-68.85	-65.87
120.68	-68.85	-65.87
120.79	-68.71	-66.17
120.92	-68.71	-66.50
121.03	-68.61	-66.91
121.16	-68.61	-67.25
121.30	-68.64	-67.65
121.54	-68.64	-68.10
121.67	-68.51	-68.65
121.78	-68.51	-69.09
121.91	-68.42	-69.58
122.04	-68.42	-70.20
122.15	-68.20	-70.76
122.29	-68.20	-71.32
122.42	-68.07	-71.79
122.66	-68.01	-72.19
122.88	-68.01	-72.69
122.99	-67.96	-73.10
123.12	-67.96	-73.53
123.21	-67.88	-73.92
123.36	-67.88	-74.19
123.47	-67.93	-74.38
123.74	-67.93	-74.59
123.87	-67.94	-74.78
124.02	-67.94	-74.97
124.15	-68.04	-74.92
124.29	-68.04	-74.99
124.44	-68.09	-75.09
124.57	-68.09	-75.59
124.70	-68.15	-75.99
124.97	-68.15	-76.03
125.12	-68.26	-76.46
125.25	-68.26	-76.87
125.36	-68.39	-76.87
125.52	-68.39	-77.40
125.63	-68.52	-77.95
125.76	-68.52	-78.52
125.89	-68.72	-79.20
126.15	-68.72	-79.68
126.28	-69.03	-79.88
126.39	-69.03	-79.77
126.55	-69.35	-79.61
126.68	-69.35	-79.31
126.81	-69.61	-78.65
126.94	-69.61	-77.73
127.05	-70.06	-76.94
127.32	-70.06	-76.13
127.43	-70.62	-75.18
127.58	-70.62	-74.48
127.69	-71.26	-74.07
127.82	-71.26	-73.66
127.95	-71.93	-73.05
128.20	-71.93	-72.63
128.33	-72.78	-72.31
128.44	-72.78	-71.97
128.59	-73.57	-71.69
128.72	-73.57	-71.50
128.83	-74.48	-71.24
128.97	-74.48	-71.06
129.10	-75.60	-70.98
129.34	-75.60	-70.83
129.47	-76.83	-70.61
129.58	-76.83	-70.36
129.73	-78.05	-70.36
129.84	-78.05	-69.88
129.98	-79.06	-69.41
130.11	-80.18	-69.07
130.35	-80.18	-69.07
130.48	-80.18	-68.65
130.59	-80.48	-68.11
130.72	-80.48	-67.70
130.86	-80.05	-67.17
130.97	-80.05	-66.56
131.12	-79.26	-65.91
131.23	-79.26	-65.30
131.36	-78.12	-64.70
131.60	-78.12	-64.16
131.73	-76.94	-63.53
131.87	-76.94	-62.98
131.98	-76.04	-62.48
132.13	-75.32	-62.02
132.35	-75.32	-61.55
132.48	-74.44	-61.18
132.72	-74.44	-60.85
132.85	-74.00	-60.59
132.96	-73.77	-60.43
133.07	-73.77	-60.29
133.23	-73.77	-60.28
133.34	-73.31	-60.34
133.47	-73.31	-60.53
133.60	-73.02	-60.53
133.84	-73.02	-60.85
133.98	-72.89	-61.34
134.09	-72.89	-61.97
134.22	-73.10	-62.84
134.35	-73.10	-63.83
134.44	-73.43	-64.87
134.57	-73.43	-65.43
134.70	-74.06	-64.87
134.94	-74.06	-63.29
135.07	-74.53	-61.27
135.21	-75.00	-59.18
135.34	-75.00	-57.19
135.47	-75.00	-55.38
135.58	-74.91	-53.74
135.71	-74.91	-52.27
135.82	-74.42	-50.92
136.11	-74.42	-49.70
136.22	-73.52	-48.56
136.35	-73.52	-47.52
136.48	-72.78	-46.55
136.57	-72.78	-45.66
136.70	-71.67	-44.81
136.83	-71.67	-44.04
136.94	-70.45	-43.32
137.18	-70.45	-42.66
137.27	-69.31	-42.06
137.40	-69.31	-41.51
137.51	-68.31	-40.99
137.60	-68.31	-40.54
137.73	-67.28	-40.11
137.84	-67.28	-39.73
137.95	-66.47	-39.40
138.19	-66.47	-39.10
138.30	-65.73	-38.84
138.44	-65.73	-38.63
138.57	-65.13	-38.46
138.68	-65.13	-38.33
138.81	-64.56	-38.24
138.94	-64.56	-38.20
139.05	-64.12	-38.21
139.34	-64.12	-38.26
139.47	-63.74	-38.35
139.60	-63.74	-38.50
139.71	-63.47	-38.71
139.86	-63.47	-38.96
140.00	-63.20	-39.27
140.11	-63.20	-39.64
140.24	-62.97	-40.07
140.50	-62.97	-40.58
140.63	-62.85	-41.15
140.77	-62.85	-41.80
140.90	-62.76	-42.55
141.03	-62.76	-43.40
141.14	-62.71	-44.35
141.40	-62.80	-45.40
141.53	-62.80	-46.61
141.67	-62.80	-47.91
141.80	-62.98	-49.26
141.93	-63.12	-50.76
142.04	-63.12	-52.13
142.30	-63.34	-53.24
142.44	-63.34	-53.80
142.55	-63.34	-53.78
142.68	-63.55	-53.29
142.81	-63.88	-52.65
142.92	-63.88	-52.00
143.05	-63.88	-51.47
143.18	-64.29	-51.11
143.29	-64.29	-50.90
143.42	-64.71	-50.88
143.67	-64.71	-51.04
143.80	-65.10	-51.40
143.91	-65.10	-51.94
144.02	-65.56	-52.70
144.15	-65.56	-53.66
144.26	-66.02	-54.74
144.39	-66.02	-55.84
144.55	-66.55	-56.54
144.81	-66.55	-56.46
144.94	-67.00	-55.52
145.05	-67.37	-54.09
145.16	-67.37	-52.59
145.29	-67.37	-51.14
145.42	-67.74	-49.91
145.56	-67.74	-48.84
145.67	-68.02	-47.93
145.93	-68.02	-47.21
146.04	-68.17	-46.64
146.17	-68.17	-46.19
146.30	-68.29	-45.87
146.41	-68.29	-45.69
146.54	-68.27	-45.61
146.68	-68.27	-45.61
146.79	-68.26	-45.65
147.05	-68.26	-45.80
147.16	-68.22	-46.08
147.29	-68.22	-46.47
147.40	-68.15	-46.99
147.53	-68.15	-47.65
147.67	-68.19	-48.45
147.78	-68.19	-49.43
148.04	-68.08	-50.63
148.15	-68.30	-52.04
148.37	-68.30	-53.72
148.48	-68.38	-55.72
148.59	-68.38	-58.10
148.72	-68.66	-61.12
148.85	-68.66	-65.11
149.14	-69.05	-70.95
149.27	-69.05	-82.25
149.40	-69.44	-79.04
149.51	-69.44	-73.97
149.64	-70.04	-72.48
149.77	-70.04	-72.24
149.91	-70.84	-70.90
150.04	-70.84	-67.31
150.17	-71.97	-63.30
150.41	-71.97	-59.91
150.54	-73.33	-57.01
150.63	-73.33	-54.65
150.79	-75.19	-52.70
150.92	-75.19	-51.04
151.07	-78.03	-49.64
151.31	-81.98	-48.43
151.47	-81.98	-47.43
151.58	-81.98	-46.56
151.71	-91.04	-45.85
151.84	-91.04	-45.28
151.97	-89.28	-44.83
152.10	-89.28	-44.51
152.26	-80.54	-44.30
152.37	-80.54	-44.30
152.50	-76.69	-44.21
152.72	-76.69	-44.23
152.85	-74.07	-44.37
152.98	-72.01	-44.62
153.09	-72.01	-44.98
153.25	-72.01	-45.44
153.38	-70.36	-45.98
153.69	-69.01	-46.62
153.93	-69.01	-47.30
154.06	-68.10	-47.98
154.17	-67.32	-48.59
154.43	-67.32	-49.08
154.57	-66.74	-49.37
154.81	-66.30	-49.44
154.94	-66.30	-49.29
155.07	-66.30	-48.98
155.18	-65.96	-48.60
155.31	-65.70	-48.25
155.42	-65.70	-47.95
155.55	-65.55	-47.74
155.82	-65.55	-47.64
155.95	-65.52	-47.64
156.06	-65.52	-47.74
156.17	-65.52	-47.96
156.30	-65.58	-48.29
156.43	-65.61	-48.73
156.67	-65.61	-49.26
156.81	-65.78	-49.26
157.05	-66.03	-49.88
157.18	-66.03	-50.58
157.27	-66.03	-51.30
157.38	-66.19	-52.06
157.51	-66.19	-52.78
157.62	-66.36	-53.48
157.75	-66.36	-54.09
158.04	-66.56	-54.63
158.19	-66.56	-55.13
158.30	-66.76	-55.62
158.43	-66.76	-56.07
158.56	-67.07	-56.55
158.67	-67.07	-57.07
158.78	-67.23	-57.57
158.92	-67.23	-57.93
159.05	-67.47	-58.07
159.31	-67.58	-57.90
159.44	-67.58	-57.43
159.58	-67.68	-56.67
159.69	-67.68	-55.82
159.79	-67.68	-55.82
159.93	-67.81	-55.01
160.04	-67.81	-54.24
160.17	-67.94	-53.61
160.43	-68.17	-53.08
160.72	-68.17	-52.72
160.83	-68.20	-52.50
160.96	-68.20	-52.40
161.07	-68.32	-52.43
161.18	-68.32	-52.58
161.29	-68.35	-52.81
161.55	-68.35	-53.13
161.68	-68.18	-53.47
161.79	-68.18	-53.83
161.93	-68.02	-54.19
162.06	-68.02	-54.52
162.32	-67.84	-54.85
162.45	-67.42	-55.11
162.56	-67.42	-55.42
162.72	-67.42	-55.77
162.85	-66.89	-56.27
162.98	-66.89	-56.96
163.11	-66.29	-57.96
163.24	-66.29	-59.16
163.38	-65.74	-60.92
163.51	-65.74	-63.03
163.60	-65.19	-64.49
163.86	-65.19	-63.54
163.95	-64.65	-60.91
164.08	-64.19	-58.34
164.21	-64.19	-56.15
164.32	-63.70	-54.33
164.59	-63.70	-52.94
164.72	-63.19	-51.75
164.85	-63.19	-50.83
164.98	-62.79	-50.07
165.11	-62.79	-49.40
165.22	-62.46	-48.82
165.33	-62.46	-48.23
165.49	-62.46	-47.65
165.62	-62.17	-46.85
165.86	-62.02	-45.90
165.99	-62.02	-44.92
166.10	-62.02	-43.78
166.26	-61.90	-43.78
166.37	-61.83	-42.60
166.50	-61.83	-41.49
166.63	-61.83	-40.33
166.76	-61.77	-39.29
167.02	-61.81	-38.32
167.13	-61.81	-37.40
167.40	-61.94	-36.62
167.53	-62.09	-35.88
167.79	-62.09	-35.22
167.90	-62.26	-34.66
168.04	-62.26	-34.23
168.15	-62.46	-33.90
168.41	-62.46	-33.61
168.52	-62.78	-33.41
168.63	-63.10	-33.29
168.76	-63.10	-33.26
168.87	-63.10	-33.31
169.00	-63.45	-33.45
169.24	-63.79	-33.66
169.38	-63.79	-33.98
169.49	-64.20	-34.37
169.60	-64.20	-34.88
169.86	-64.64	-35.50
169.99	-64.64	-36.24
170.10	-65.11	-37.17
170.36	-65.55	-38.27
170.50	-65.55	-39.33
170.74	-65.97	-40.52
170.87	-65.97	-42.08
171.11	-66.28	-42.08
171.24	-66.58	-43.71
171.49	-66.58	-45.31
171.62	-66.78	-46.80
171.73	-66.95	-47.86
171.99	-66.95	-48.19
172.12	-67.14	-47.87
172.25	-67.14	-47.20
172.50	-67.21	-46.52
172.63	-67.23	-45.97
172.87	-67.23	-45.62
173.00	-67.30	-45.45
173.11	-67.26	-45.54
173.37	-67.26	-45.82
173.48	-67.25	-46.24
173.75	-67.25	-46.93
173.88	-67.40	-47.93
174.01	-67.58	-49.14
174.25	-67.58	-50.54
174.39	-67.85	-52.07
174.65	-68.10	-53.29
174.78	-68.10	-53.63
175.02	-68.44	-52.94
175.15	-68.89	-51.68
175.26	-68.89	-50.28
175.53	-69.55	-48.88
175.66	-69.55	-47.78
175.90	-70.28	-46.89
176.06	-71.21	-46.18
176.30	-71.21	-45.38
176.45	-72.46	-45.23
176.69	-73.91	-45.22
176.82	-73.91	-45.33
177.07	-75.93	-45.57
177.20	-78.40	-45.94
177.46	-78.40	-46.50
177.59	-81.62	-47.12
177.84	-86.24	-47.82
178.08	-85.78	-49.77
178.21	-85.78	-50.95
178.47	-81.70	-52.41
178.58	-78.72	-54.10
178.85	-78.72	-55.84
178.98	-76.20	-57.85
179.22	-74.53	-59.89
179.35	-74.53	-61.81
179.62	-73.29	-63.55
179.73	-72.27	-64.80
30.06	-64.30	-64.30
