  -1.8000000e+02  -4.4670325e+01  -5.0945158e+01  -4.8001057e+01  -5.5352288e+01  -4.9570619e+01  -4.6262917e+01  -5.7105799e+01  -5.2589125e+01  -5.3100012e+01  -4.2414062e+01  -4.3763145e+01  -5.6569373e+01
  -1.7900000e+02  -4.9095339e+01  -5.4016541e+01  -4.9871808e+01  -5.8454808e+01  -5.1078874e+01  -4.7514869e+01  -5.5759230e+01  -5.4600968e+01  -5.6243135e+01  -4.0928019e+01  -4.2659419e+01  -5.7852358e+01
  -1.7800000e+02  -5.0850604e+01  -5.4748833e+01  -5.1739138e+01  -5.0975817e+01  -4.8403617e+01  -4.7651626e+01  -5.6594706e+01  -5.6384348e+01  -5.8721744e+01  -4.0241331e+01  -4.2514431e+01  -5.5748664e+01
  -1.7700000e+02  -4.7459878e+01  -5.1620165e+01  -5.1788708e+01  -4.7213396e+01  -4.5763406e+01  -4.6953316e+01  -5.7421798e+01  -5.6213300e+01  -5.7758875e+01  -4.0784634e+01  -4.3883289e+01  -5.5096350e+01
  -1.7600000e+02  -4.5218582e+01  -4.9135839e+01  -5.0557532e+01  -4.5544453e+01  -4.4883356e+01  -4.7198997e+01  -5.1810015e+01  -5.2096635e+01  -5.2868957e+01  -4.3145072e+01  -4.7572140e+01  -5.9957079e+01
  -1.7500000e+02  -4.4641607e+01  -4.7888065e+01  -4.9731200e+01  -4.5248145e+01  -4.5947618e+01  -4.9586071e+01  -4.6928313e+01  -4.8017654e+01  -4.8542104e+01  -4.8716075e+01  -5.1808846e+01  -5.9468612e+01
  -1.7400000e+02  -4.5554984e+01  -4.7542974e+01  -4.9785414e+01  -4.6471344e+01  -4.9449756e+01  -5.5363426e+01  -4.4061994e+01  -4.5368095e+01  -4.5741734e+01  -5.3681434e+01  -4.6797611e+01  -4.9471097e+01
  -1.7300000e+02  -4.8203796e+01  -4.7763842e+01  -5.0646358e+01  -4.8910810e+01  -5.7332723e+01  -5.5171153e+01  -4.2791286e+01  -4.4114904e+01  -4.4371420e+01  -4.6678940e+01  -4.3158454e+01  -4.5450779e+01
  -1.7200000e+02  -5.3991083e+01  -4.8269729e+01  -5.2000512e+01  -5.2168272e+01  -5.5536616e+01  -4.9425567e+01  -4.3001120e+01  -4.4231976e+01  -4.4414849e+01  -4.4131259e+01  -4.2172958e+01  -4.4327218e+01
  -1.7100000e+02  -6.5596364e+01  -4.9014237e+01  -5.2706671e+01  -5.3528341e+01  -5.0653163e+01  -4.6603601e+01  -4.4917774e+01  -4.5771883e+01  -4.6028781e+01  -4.4964000e+01  -4.3679811e+01  -4.5222614e+01
  -1.7000000e+02  -5.2911643e+01  -5.0111261e+01  -5.2126093e+01  -5.1989237e+01  -4.9107218e+01  -4.5920927e+01  -4.8799624e+01  -4.7875881e+01  -4.8733292e+01  -5.0532040e+01  -4.8962887e+01  -4.4450295e+01
  -1.6900000e+02  -4.8206526e+01  -5.1335895e+01  -5.1457926e+01  -5.0941653e+01  -5.0286868e+01  -4.7143849e+01  -4.9298761e+01  -4.6797296e+01  -4.7889007e+01  -5.3814910e+01  -5.0658344e+01  -4.0467024e+01
  -1.6800000e+02  -4.6094598e+01  -5.3089250e+01  -5.1658449e+01  -5.1600602e+01  -5.4891916e+01  -5.0440282e+01  -4.4853901e+01  -4.3877734e+01  -4.4484611e+01  -4.4019597e+01  -4.2845305e+01  -3.7699832e+01
  -1.6700000e+02  -4.5448327e+01  -5.5098104e+01  -5.3214721e+01  -5.4782531e+01  -5.6386479e+01  -5.3284002e+01  -4.2208148e+01  -4.2074479e+01  -4.2452148e+01  -4.0829494e+01  -3.9639281e+01  -3.6648379e+01
  -1.6600000e+02  -4.5997365e+01  -5.4334286e+01  -5.6839563e+01  -6.3939332e+01  -4.9491371e+01  -4.9819051e+01  -4.1456772e+01  -4.1555164e+01  -4.1806437e+01  -4.0862934e+01  -3.9082374e+01  -3.7048455e+01
  -1.6500000e+02  -4.7823615e+01  -5.0996426e+01  -6.4277446e+01  -5.9449067e+01  -4.5976585e+01  -4.6997363e+01  -4.2416828e+01  -4.1876161e+01  -4.2048154e+01  -4.4196623e+01  -4.0890769e+01  -3.9228974e+01
  -1.6400000e+02  -5.1452097e+01  -4.8214476e+01  -6.4077289e+01  -5.2940834e+01  -4.4810758e+01  -4.6529726e+01  -4.4851691e+01  -4.1982183e+01  -4.2195753e+01  -5.3576290e+01  -4.6400160e+01  -4.4882180e+01
  -1.6300000e+02  -5.8910411e+01  -4.6553282e+01  -5.9368698e+01  -5.0942114e+01  -4.5703039e+01  -4.8876864e+01  -4.4921698e+01  -4.0462374e+01  -4.0563556e+01  -4.5038634e+01  -4.9532344e+01  -5.5939753e+01
  -1.6200000e+02  -6.3388025e+01  -4.5963186e+01  -5.9521845e+01  -5.1982820e+01  -4.9547270e+01  -5.8067657e+01  -4.0457650e+01  -3.7770141e+01  -3.7604360e+01  -3.9694428e+01  -4.1506721e+01  -4.2672553e+01
  -1.6100000e+02  -5.4866116e+01  -4.6481834e+01  -5.9061120e+01  -5.7844498e+01  -6.5411790e+01  -5.2464677e+01  -3.6631354e+01  -3.5248300e+01  -3.4942045e+01  -3.7855789e+01  -3.8002901e+01  -3.8230610e+01
  -1.6000000e+02  -5.1607156e+01  -4.8391428e+01  -5.1953883e+01  -6.2861308e+01  -5.0830975e+01  -4.4476036e+01  -3.4106372e+01  -3.3419179e+01  -3.3099632e+01  -3.8315437e+01  -3.6881958e+01  -3.6214186e+01
  -1.5900000e+02  -5.0285523e+01  -5.2323291e+01  -4.7058021e+01  -5.1600552e+01  -4.4470782e+01  -4.0830452e+01  -3.2615470e+01  -3.2368019e+01  -3.2113434e+01  -4.1144066e+01  -3.7369833e+01  -3.5207667e+01
  -1.5800000e+02  -4.9784989e+01  -5.8105181e+01  -4.3828481e+01  -4.6838110e+01  -4.1649239e+01  -3.9132210e+01  -3.1992493e+01  -3.2093990e+01  -3.1957362e+01  -4.7438576e+01  -3.9035994e+01  -3.4684093e+01
  -1.5700000e+02  -4.9293515e+01  -5.4421501e+01  -4.1641688e+01  -4.4196940e+01  -4.0575119e+01  -3.8789912e+01  -3.2180346e+01  -3.2610621e+01  -3.2638215e+01  -5.1650036e+01  -4.1153146e+01  -3.4695518e+01
  -1.5600000e+02  -4.8336299e+01  -4.9320948e+01  -4.0214451e+01  -4.2749217e+01  -4.0802647e+01  -3.9676590e+01  -3.3211781e+01  -3.3977286e+01  -3.4219548e+01  -4.7486058e+01  -4.2285137e+01  -3.5617541e+01
  -1.5500000e+02  -4.7117830e+01  -4.6270653e+01  -3.9421019e+01  -4.2169464e+01  -4.2289458e+01  -4.1991436e+01  -3.5229405e+01  -3.6320066e+01  -3.6829298e+01  -4.8024796e+01  -4.1244935e+01  -3.7666831e+01
  -1.5400000e+02  -4.6085788e+01  -4.4512946e+01  -3.9213316e+01  -4.2325063e+01  -4.5285171e+01  -4.6604314e+01  -3.8577205e+01  -3.9812704e+01  -4.0548482e+01  -4.7461176e+01  -3.8589687e+01  -3.9204788e+01
  -1.5300000e+02  -4.5461745e+01  -4.3725627e+01  -3.9589365e+01  -4.3170594e+01  -5.0048808e+01  -5.8269725e+01  -4.3991425e+01  -4.4123819e+01  -4.4329165e+01  -4.0934082e+01  -3.5802696e+01  -3.7095990e+01
  -1.5200000e+02  -4.5193452e+01  -4.3805803e+01  -4.0585735e+01  -4.4714160e+01  -5.1574041e+01  -5.2650866e+01  -4.9301072e+01  -4.5933584e+01  -4.4798931e+01  -3.6566488e+01  -3.3773853e+01  -3.4461956e+01
  -1.5100000e+02  -4.4972295e+01  -4.4781237e+01  -4.2287175e+01  -4.7012846e+01  -4.7608187e+01  -4.6352938e+01  -4.5178159e+01  -4.4482452e+01  -4.3675808e+01  -3.4332953e+01  -3.2792719e+01  -3.3272073e+01
  -1.5000000e+02  -4.4340037e+01  -4.6826672e+01  -4.4860823e+01  -5.0202889e+01  -4.5114470e+01  -4.4109469e+01  -4.2178440e+01  -4.3541232e+01  -4.3574250e+01  -3.3749331e+01  -3.2973759e+01  -3.3730679e+01
  -1.4900000e+02  -4.3117518e+01  -5.0397917e+01  -4.8654916e+01  -5.4648908e+01  -4.4273227e+01  -4.3841077e+01  -4.1126947e+01  -4.3655057e+01  -4.4654635e+01  -3.4707726e+01  -3.4486003e+01  -3.6148772e+01
  -1.4800000e+02  -4.1619435e+01  -5.6437502e+01  -5.4558442e+01  -6.1614035e+01  -4.4787105e+01  -4.5253866e+01  -4.1324186e+01  -4.4288879e+01  -4.6159752e+01  -3.7444774e+01  -3.7719165e+01  -4.1906370e+01
  -1.4700000e+02  -4.0248867e+01  -5.8793021e+01  -6.6184532e+01  -6.6404528e+01  -4.6593493e+01  -4.8885917e+01  -4.2358147e+01  -4.4675798e+01  -4.6467892e+01  -4.2515551e+01  -4.3195029e+01  -5.3777672e+01
  -1.4600000e+02  -3.9226258e+01  -5.3531680e+01  -6.5442883e+01  -5.8027502e+01  -4.9327688e+01  -5.6334622e+01  -4.3808733e+01  -4.4536132e+01  -4.5413391e+01  -4.5536271e+01  -4.5077374e+01  -4.2306707e+01
  -1.4500000e+02  -3.8629290e+01  -5.0833323e+01  -6.1372516e+01  -5.3204361e+01  -4.9909844e+01  -5.2148561e+01  -4.5129197e+01  -4.4405202e+01  -4.4522547e+01  -4.1507306e+01  -4.1280940e+01  -3.8779959e+01
  -1.4400000e+02  -3.8473942e+01  -5.0030505e+01  -6.2974417e+01  -5.0141464e+01  -4.6881734e+01  -4.6106544e+01  -4.6002885e+01  -4.4912889e+01  -4.4553300e+01  -3.9493736e+01  -3.9775903e+01  -3.8460964e+01
  -1.4300000e+02  -3.8755883e+01  -5.0672133e+01  -6.8758493e+01  -4.8160033e+01  -4.4043454e+01  -4.2985876e+01  -4.6748117e+01  -4.6524609e+01  -4.5747225e+01  -3.9792391e+01  -4.0604516e+01  -4.0293718e+01
  -1.4200000e+02  -3.9463681e+01  -5.2704059e+01  -6.2534420e+01  -4.7008728e+01  -4.2261991e+01  -4.1399433e+01  -4.7858966e+01  -4.9796469e+01  -4.8447633e+01  -4.2433389e+01  -4.4122894e+01  -4.2464321e+01
  -1.4100000e+02  -4.0575142e+01  -5.5886466e+01  -5.6955837e+01  -4.6540897e+01  -4.1412526e+01  -4.0878492e+01  -4.9278479e+01  -5.5269437e+01  -5.4568532e+01  -4.8971739e+01  -5.1413585e+01  -4.2736483e+01
  -1.4000000e+02  -4.2036164e+01  -5.6968963e+01  -5.4301676e+01  -4.6585657e+01  -4.1376078e+01  -4.1277350e+01  -4.9640642e+01  -5.8543195e+01  -7.8659962e+01  -4.9850243e+01  -4.5620369e+01  -3.8416505e+01
  -1.3900000e+02  -4.3715402e+01  -5.4009354e+01  -5.3536986e+01  -4.6809323e+01  -4.2100275e+01  -4.2612720e+01  -4.7768114e+01  -5.1255603e+01  -5.3156445e+01  -4.3005118e+01  -3.9801822e+01  -3.3884644e+01
  -1.3800000e+02  -4.5353844e+01  -5.1408545e+01  -5.4512091e+01  -4.6637333e+01  -4.3514248e+01  -4.4974486e+01  -4.5179172e+01  -4.6913260e+01  -4.7240872e+01  -3.8471098e+01  -3.5826108e+01  -3.0501823e+01
  -1.3700000e+02  -4.6631356e+01  -5.0068303e+01  -5.7524068e+01  -4.5653770e+01  -4.5187172e+01  -4.7930397e+01  -4.3013247e+01  -4.4037495e+01  -4.3990438e+01  -3.5191939e+01  -3.2914187e+01  -2.8142262e+01
  -1.3600000e+02  -4.7450988e+01  -4.9838730e+01  -5.9335328e+01  -4.4128997e+01  -4.5700211e+01  -4.8290139e+01  -4.1453879e+01  -4.2084438e+01  -4.1790914e+01  -3.2728747e+01  -3.0786704e+01  -2.6645955e+01
  -1.3500000e+02  -4.8073421e+01  -5.0565708e+01  -5.3685688e+01  -4.2592436e+01  -4.4209857e+01  -4.5410657e+01  -4.0461738e+01  -4.0759698e+01  -4.0302489e+01  -3.0931526e+01  -2.9329637e+01  -2.5911426e+01
  -1.3400000e+02  -4.8844078e+01  -5.1878905e+01  -4.8860765e+01  -4.1341057e+01  -4.2118893e+01  -4.2798423e+01  -3.9983989e+01  -3.9957227e+01  -3.9545972e+01  -2.9735582e+01  -2.8484722e+01  -2.5884503e+01
  -1.3300000e+02  -4.9935528e+01  -5.2368006e+01  -4.5588571e+01  -4.0466285e+01  -4.0399332e+01  -4.1122606e+01  -3.9982756e+01  -3.9766891e+01  -3.9580079e+01  -2.9091050e+01  -2.8215528e+01  -2.6553367e+01
  -1.3200000e+02  -5.1243457e+01  -5.0554691e+01  -4.3320985e+01  -3.9975917e+01  -3.9359420e+01  -4.0237566e+01  -4.0444445e+01  -4.0352885e+01  -4.0492566e+01  -2.8953580e+01  -2.8500544e+01  -2.7951464e+01
  -1.3100000e+02  -5.2398336e+01  -4.7830350e+01  -4.1751508e+01  -3.9855983e+01  -3.8938085e+01  -3.9986779e+01  -4.1399133e+01  -4.1895151e+01  -4.2490985e+01  -2.9286656e+01  -2.9334534e+01  -3.0166359e+01
  -1.3000000e+02  -5.3108799e+01  -4.5482509e+01  -4.0709262e+01  -4.0094701e+01  -3.9061980e+01  -4.0235074e+01  -4.2927553e+01  -4.4714561e+01  -4.5970139e+01  -3.0062524e+01  -3.0733296e+01  -3.3327372e+01
  -1.2900000e+02  -5.3418535e+01  -4.3724694e+01  -4.0091034e+01  -4.0692826e+01  -3.9706881e+01  -4.0797412e+01  -4.5076407e+01  -4.9117671e+01  -5.0290846e+01  -3.1262348e+01  -3.2743381e+01  -3.7301505e+01
  -1.2800000e+02  -5.3453060e+01  -4.2491166e+01  -3.9831581e+01  -4.1671223e+01  -4.0843347e+01  -4.1337535e+01  -4.7402388e+01  -5.0723102e+01  -4.8351075e+01  -3.2877539e+01  -3.5463602e+01  -3.9920082e+01
  -1.2700000e+02  -5.3182532e+01  -4.1694170e+01  -3.9890546e+01  -4.3081555e+01  -4.2354664e+01  -4.1382861e+01  -4.8103428e+01  -4.6463627e+01  -4.4311218e+01  -3.4914119e+01  -3.9098614e+01  -3.8880729e+01
  -1.2600000e+02  -5.2435862e+01  -4.1266239e+01  -4.0246832e+01  -4.5026702e+01  -4.3821628e+01  -4.0702215e+01  -4.6576005e+01  -4.3327560e+01  -4.1903249e+01  -3.7402561e+01  -4.4116244e+01  -3.7383275e+01
  -1.2500000e+02  -5.1122093e+01  -4.1163388e+01  -4.0896973e+01  -4.7701776e+01  -4.4381106e+01  -3.9577046e+01  -4.4846359e+01  -4.1700243e+01  -4.0832473e+01  -4.0416366e+01  -5.1761082e+01  -3.6814796e+01
  -1.2400000e+02  -4.9411800e+01  -4.1363574e+01  -4.1856712e+01  -5.1441089e+01  -4.3607858e+01  -3.8427434e+01  -4.3890974e+01  -4.1264783e+01  -4.0898749e+01  -4.4099936e+01  -5.8206796e+01  -3.7147952e+01
  -1.2300000e+02  -4.7577396e+01  -4.1865948e+01  -4.3167204e+01  -5.6019407e+01  -4.2164987e+01  -3.7492537e+01  -4.3924852e+01  -4.1989792e+01  -4.2193494e+01  -4.8654003e+01  -5.2586297e+01  -3.8230908e+01
  -1.2200000e+02  -4.5807947e+01  -4.2690465e+01  -4.4910597e+01  -5.5764783e+01  -4.0703827e+01  -3.6810792e+01  -4.5182479e+01  -4.4232907e+01  -4.5259623e+01  -5.3623714e+01  -5.0041982e+01  -3.9921979e+01
  -1.2100000e+02  -4.4224925e+01  -4.3875061e+01  -4.7249252e+01  -5.1695541e+01  -3.9460480e+01  -3.6331717e+01  -4.8401256e+01  -4.9488663e+01  -5.1253881e+01  -5.5022478e+01  -4.9021797e+01  -4.2040359e+01
  -1.2000000e+02  -4.2884223e+01  -4.5468503e+01  -5.0539795e+01  -4.8647480e+01  -3.8482172e+01  -3.6027047e+01  -5.6402495e+01  -5.7539358e+01  -4.8586846e+01  -5.2990734e+01  -4.8382946e+01  -4.4306341e+01
  -1.1900000e+02  -4.1801213e+01  -4.7517286e+01  -5.5781366e+01  -4.6577938e+01  -3.7761474e+01  -3.5879412e+01  -5.1966030e+01  -4.5629260e+01  -4.1793660e+01  -5.1243504e+01  -4.7497330e+01  -4.6413878e+01
  -1.1800000e+02  -4.0976183e+01  -5.0016768e+01  -6.7414956e+01  -4.5158596e+01  -3.7277201e+01  -3.5865423e+01  -4.4048779e+01  -3.9919250e+01  -3.7580151e+01  -4.9884108e+01  -4.6229226e+01  -4.8332456e+01
  -1.1700000e+02  -4.0407604e+01  -5.2706368e+01  -6.0053875e+01  -4.4200714e+01  -3.7004226e+01  -3.5947446e+01  -3.9531124e+01  -3.6341543e+01  -3.4680833e+01  -4.8408817e+01  -4.4797377e+01  -5.0438621e+01
  -1.1600000e+02  -4.0096029e+01  -5.4660261e+01  -5.3627984e+01  -4.3602255e+01  -3.6913605e+01  -3.6066822e+01  -3.6420043e+01  -3.3792624e+01  -3.2543854e+01  -4.6643239e+01  -4.3444342e+01  -5.3122092e+01
  -1.1500000e+02  -4.0031989e+01  -5.4949571e+01  -5.0288515e+01  -4.3311430e+01  -3.6968772e+01  -3.6141126e+01  -3.4092903e+01  -3.1864526e+01  -3.0907826e+01  -4.4777361e+01  -4.2302699e+01  -5.5444409e+01
  -1.1400000e+02  -4.0169176e+01  -5.3538040e+01  -4.8204627e+01  -4.3309184e+01  -3.7119480e+01  -3.6074440e+01  -3.2275152e+01  -3.0356374e+01  -2.9626253e+01  -4.3051390e+01  -4.1421861e+01  -5.4126357e+01
  -1.1300000e+02  -4.0456164e+01  -5.1405273e+01  -4.6867522e+01  -4.3599393e+01  -3.7295541e+01  -3.5787665e+01  -3.0817524e+01  -2.9150897e+01  -2.8606353e+01  -4.1592325e+01  -4.0811586e+01  -5.1026944e+01
  -1.1200000e+02  -4.0847671e+01  -4.9357489e+01  -4.6111939e+01  -4.4204613e+01  -3.7405825e+01  -3.5255499e+01  -2.9627358e+01  -2.8171658e+01  -2.7784184e+01  -4.0433826e+01  -4.0466211e+01  -4.8579300e+01
  -1.1100000e+02  -4.1302275e+01  -4.7524664e+01  -4.5750499e+01  -4.5178618e+01  -3.7351732e+01  -3.4517036e+01  -2.8642084e+01  -2.7365202e+01  -2.7113225e+01  -3.9563956e+01  -4.0374764e+01  -4.6980966e+01
  -1.1000000e+02  -4.1770301e+01  -4.5902243e+01  -4.5662747e+01  -4.6656491e+01  -3.7058829e+01  -3.3648562e+01  -2.7817275e+01  -2.6692544e+01  -2.6558584e+01  -3.8952217e+01  -4.0522988e+01  -4.6221483e+01
  -1.0900000e+02  -4.2157932e+01  -4.4499492e+01  -4.5807508e+01  -4.8938431e+01  -3.6508904e+01  -3.2726291e+01  -2.7120392e+01  -2.6124587e+01  -2.6093740e+01  -3.8560693e+01  -4.0889800e+01  -4.6374948e+01
  -1.0800000e+02  -4.2336119e+01  -4.3372057e+01  -4.6143504e+01  -5.2539917e+01  -3.5743098e+01  -3.1805700e+01  -2.6526991e+01  -2.5639307e+01  -2.5698446e+01  -3.8348253e+01  -4.1440416e+01  -4.7336974e+01
  -1.0700000e+02  -4.2232135e+01  -4.2567953e+01  -4.6618837e+01  -5.7051064e+01  -3.4834044e+01  -3.0918785e+01  -2.6018228e+01  -2.5219842e+01  -2.5357216e+01  -3.8272572e+01  -4.2119850e+01  -4.8954763e+01
  -1.0600000e+02  -4.2091457e+01  -4.1893239e+01  -4.7210941e+01  -5.4336500e+01  -3.3854375e+01  -3.0079312e+01  -2.5579180e+01  -2.4853112e+01  -2.5058157e+01  -3.8291789e+01  -4.2850278e+01  -5.1209504e+01
  -1.0500000e+02  -4.1628452e+01  -4.1235581e+01  -4.7934143e+01  -4.9147018e+01  -3.2860402e+01  -2.9289255e+01  -2.5197727e+01  -2.4528824e+01  -2.4792057e+01  -3.8366289e+01  -4.3535606e+01  -5.4206634e+01
  -1.0400000e+02  -4.0865882e+01  -4.0853677e+01  -4.8780607e+01  -4.5415004e+01  -3.1889459e+01  -2.8544645e+01  -2.4863808e+01  -2.4238740e+01  -2.4551683e+01  -3.8460673e+01  -4.4078410e+01  -5.8199983e+01
  -1.0300000e+02  -3.9930458e+01  -4.0653475e+01  -4.9673175e+01  -4.2622665e+01  -3.0963319e+01  -2.7840533e+01  -2.4568926e+01  -2.3976143e+01  -2.4331263e+01  -3.8545733e+01  -4.4409365e+01  -6.3569437e+01
  -1.0200000e+02  -3.8940194e+01  -4.0542188e+01  -5.0446386e+01  -4.0394062e+01  -3.0092838e+01  -2.7173737e+01  -2.4305801e+01  -2.3735457e+01  -2.4126085e+01  -3.8599993e+01  -4.4512563e+01  -6.8297509e+01
  -1.0100000e+02  -3.7972007e+01  -4.0504950e+01  -5.0855961e+01  -3.8530775e+01  -2.9281918e+01  -2.6542901e+01  -2.4068134e+01  -2.3511962e+01  -2.3932213e+01  -3.8610335e+01  -4.4424152e+01  -6.6174189e+01
  -1.0000000e+02  -3.7065489e+01  -4.0526458e+01  -5.0661466e+01  -3.6923176e+01  -2.8530363e+01  -2.5947439e+01  -2.3850433e+01  -2.3301593e+01  -2.3746283e+01  -3.8571461e+01  -4.4205750e+01  -6.3618422e+01
  -9.9000000e+01  -3.6236262e+01  -4.0587198e+01  -4.9812669e+01  -3.5505727e+01  -2.7835768e+01  -2.5386735e+01  -2.3647887e+01  -2.3100789e+01  -2.3565355e+01  -3.8484360e+01  -4.3916404e+01  -6.2437201e+01
  -9.8000000e+01  -3.5486886e+01  -4.0661355e+01  -4.8510483e+01  -3.4235827e+01  -2.7194674e+01  -2.4859862e+01  -2.3456274e+01  -2.2906397e+01  -2.3386817e+01  -3.8354285e+01  -4.3598929e+01  -6.2256272e+01
  -9.7000000e+01  -3.4813573e+01  -4.0717135e+01  -4.7023043e+01  -3.3084615e+01  -2.6603259e+01  -2.4365592e+01  -2.3271891e+01  -2.2715605e+01  -2.3208327e+01  -3.8188783e+01  -4.3279046e+01  -6.2844299e+01
  -9.6000000e+01  -3.4209868e+01  -4.0724926e+01  -4.5533932e+01  -3.2032354e+01  -2.6057720e+01  -2.3902512e+01  -2.3091508e+01  -2.2525895e+01  -2.3027774e+01  -3.7996135e+01  -4.2970004e+01  -6.4115049e+01
  -9.5000000e+01  -3.3668581e+01  -4.0669979e+01  -4.4132820e+01  -3.1065388e+01  -2.5554463e+01  -2.3469155e+01  -2.2912320e+01  -2.2335022e+01  -2.2843264e+01  -3.7784302e+01  -4.2677851e+01  -6.6050257e+01
  -9.4000000e+01  -3.3182776e+01  -4.0552252e+01  -4.2853992e+01  -3.0174046e+01  -2.5090195e+01  -2.3064110e+01  -2.2731929e+01  -2.2141003e+01  -2.2653110e+01  -3.7560283e+01  -4.2405621e+01  -6.8495246e+01
  -9.3000000e+01  -3.2746270e+01  -4.0375872e+01  -4.1706134e+01  -2.9351334e+01  -2.4661936e+01  -2.2686113e+01  -2.2548320e+01  -2.1942105e+01  -2.2455831e+01  -3.7329722e+01  -4.2156154e+01  -7.0300146e+01
  -9.2000000e+01  -3.2353904e+01  -4.0143825e+01  -4.0687813e+01  -2.8592153e+01  -2.4267005e+01  -2.2334109e+01  -2.2359850e+01  -2.1736855e+01  -2.2250151e+01  -3.7096607e+01  -4.1933737e+01  -6.9290718e+01
  -9.1000000e+01  -3.2001683e+01  -3.9858232e+01  -3.9794479e+01  -2.7892841e+01  -2.3902986e+01  -2.2007313e+01  -2.2165242e+01  -2.1524037e+01  -2.2035002e+01  -3.6862957e+01  -4.1744725e+01  -6.6571020e+01
  -9.0000000e+01  -3.1686873e+01  -3.9521579e+01  -3.9021408e+01  -2.7250902e+01  -2.3567698e+01  -2.1705255e+01  -2.1963594e+01  -2.1302712e+01  -2.1809536e+01  -3.6628458e+01  -4.1597302e+01  -6.3945501e+01
  -8.9000000e+01  -3.1408062e+01  -3.9137358e+01  -3.8364829e+01  -2.6664845e+01  -2.3259206e+01  -2.1427819e+01  -2.1754385e+01  -2.1072232e+01  -2.1573142e+01  -3.6390103e+01  -4.1500413e+01  -6.1747580e+01
  -8.8000000e+01  -3.1165228e+01  -3.8710135e+01  -3.7822236e+01  -2.6134095e+01  -2.2975926e+01  -2.1175284e+01  -2.1537501e+01  -2.0832271e+01  -2.1325473e+01  -3.6141951e+01  -4.1461702e+01  -5.9911096e+01
  -8.7000000e+01  -3.0959799e+01  -3.8245358e+01  -3.7392269e+01  -2.5658942e+01  -2.2716865e+01  -2.0948365e+01  -2.1313264e+01  -2.0582861e+01  -2.1066490e+01  -3.5875151e+01  -4.1483905e+01  -5.8335688e+01
  -8.6000000e+01  -3.0794742e+01  -3.7749133e+01  -3.7074271e+01  -2.5240533e+01  -2.2482019e+01  -2.0748255e+01  -2.1082462e+01  -2.0324438e+01  -2.0796509e+01  -3.5578425e+01  -4.1558483e+01  -5.6917994e+01
  -8.5000000e+01  -3.0674663e+01  -3.7228105e+01  -3.6867421e+01  -2.4880884e+01  -2.2272832e+01  -2.0576683e+01  -2.0846393e+01  -2.0057890e+01  -2.0516264e+01  -3.5239203e+01  -4.1654657e+01  -5.5523022e+01
  -8.4000000e+01  -3.0605960e+01  -3.6689472e+01  -3.6769140e+01  -2.4582915e+01  -2.2092554e+01  -2.0435984e+01  -2.0606907e+01  -1.9784615e+01  -2.0226958e+01  -3.4845540e+01  -4.1703312e+01  -5.3965299e+01
  -8.3000000e+01  -3.0597019e+01  -3.6141107e+01  -3.6772246e+01  -2.4350515e+01  -2.1946359e+01  -2.0329207e+01  -2.0366455e+01  -1.9506573e+01  -1.9930333e+01  -3.4388712e+01  -4.1583914e+01  -5.2057479e+01
  -8.2000000e+01  -3.0658498e+01  -3.5591732e+01  -3.6860019e+01  -2.4188614e+01  -2.1841182e+01  -2.0260249e+01  -2.0128136e+01  -1.9226347e+01  -1.9628731e+01  -3.3866010e+01  -4.1142553e+01  -4.9731818e+01
  -8.1000000e+01  -3.0803691e+01  -3.5051102e+01  -3.6998405e+01  -2.4103285e+01  -2.1785430e+01  -2.0234034e+01  -1.9895757e+01  -1.8947201e+01  -1.9325154e+01  -3.3282883e+01  -4.0269847e+01  -4.7092537e+01
  -8.0000000e+01  -3.1048969e+01  -3.4530159e+01  -3.7126172e+01  -2.4101845e+01  -2.1788712e+01  -2.0256730e+01  -1.9673893e+01  -1.8673138e+01  -1.9023337e+01  -3.2653642e+01  -3.8988129e+01  -4.4311798e+01
  -7.9000000e+01  -3.1414183e+01  -3.4041178e+01  -3.7149445e+01  -2.4192949e+01  -2.1861685e+01  -2.0335974e+01  -1.9467969e+01  -1.8408965e+01  -1.8727808e+01  -3.2000466e+01  -3.7438526e+01  -4.1506736e+01
  -7.8000000e+01  -3.1922624e+01  -3.3597952e+01  -3.6956338e+01  -2.4386597e+01  -2.2016020e+01  -2.0481113e+01  -1.9284348e+01  -1.8160355e+01  -1.8443948e+01  -3.1351212e+01  -3.5785971e+01  -3.8730513e+01
  -7.7000000e+01  -3.2599192e+01  -3.3216077e+01  -3.6464163e+01  -2.4693946e+01  -2.2264377e+01  -2.0703402e+01  -1.9130459e+01  -1.7933935e+01  -1.8178048e+01  -3.0736934e+01  -3.4153254e+01  -3.6101472e+01
  -7.6000000e+01  -3.3462580e+01  -3.2913443e+01  -3.5673071e+01  -2.5126578e+01  -2.2620209e+01  -2.1016155e+01  -1.9014955e+01  -1.7737391e+01  -1.7937360e+01  -3.0189965e+01  -3.2612504e+01  -3.3838175e+01
  -7.5000000e+01  -3.4499015e+01  -3.2711081e+01  -3.4669486e+01  -2.5694529e+01  -2.3097010e+01  -2.1434758e+01  -1.8947936e+01  -1.7579629e+01  -1.7730137e+01  -2.9742986e+01  -3.1202885e+01  -3.2110183e+01
  -7.4000000e+01  -3.5586790e+01  -3.2634592e+01  -3.3575364e+01  -2.6401477e+01  -2.3706214e+01  -2.1976328e+01  -1.8941252e+01  -1.7471007e+01  -1.7565708e+01  -2.9428996e+01  -2.9960130e+01  -3.1173069e+01
  -7.3000000e+01  -3.6349406e+01  -3.2716577e+01  -3.2498746e+01  -2.7233834e+01  -2.4452018e+01  -2.2658399e+01  -1.9008934e+01  -1.7423694e+01  -1.7454587e+01  -2.9280905e+01  -2.8960794e+01  -3.0697366e+01
  -7.2000000e+01  -3.6175385e+01  -3.3000916e+01  -3.1516700e+01  -2.8138514e+01  -2.5319641e+01  -2.3495120e+01  -1.9167822e+01  -1.7452214e+01  -1.7408790e+01  -2.9317098e+01  -2.8320173e+01  -3.0504780e+01
  -7.1000000e+01  -3.4873751e+01  -3.3550779e+01  -3.0680372e+01  -2.8987985e+01  -2.6251621e+01  -2.4487182e+01  -1.9438482e+01  -1.7574271e+01  -1.7442623e+01  -2.9324493e+01  -2.8007256e+01  -3.0614979e+01
  -7.0000000e+01  -3.2975770e+01  -3.4465051e+01  -3.0025849e+01  -2.9562251e+01  -2.7111994e+01  -2.5597463e+01  -1.9846604e+01  -1.7811990e+01  -1.7574284e+01  -2.9322523e+01  -2.7934233e+01  -3.1078293e+01
  -6.9000000e+01  -3.1019608e+01  -3.5916676e+01  -2.9583787e+01  -2.9636002e+01  -2.7673502e+01  -2.6701976e+01  -2.0425162e+01  -1.8193832e+01  -1.7828026e+01  -2.9511668e+01  -2.8071978e+01  -3.1968909e+01
  -6.8000000e+01  -2.9241805e+01  -3.8261558e+01  -2.9386970e+01  -2.9176149e+01  -2.7719950e+01  -2.7535639e+01  -2.1217867e+01  -1.8757676e+01  -1.8236346e+01  -3.0108938e+01  -2.8420828e+01  -3.3388061e+01
  -6.7000000e+01  -2.7707481e+01  -4.2471397e+01  -2.9477052e+01  -2.8390971e+01  -2.7245590e+01  -2.7766877e+01  -2.2284719e+01  -1.9556173e+01  -1.8842994e+01  -3.1032285e+01  -2.8994827e+01  -3.5448984e+01
  -6.6000000e+01  -2.6423191e+01  -5.4203370e+01  -2.9911966e+01  -2.7550011e+01  -2.6477287e+01  -2.7304639e+01  -2.3710603e+01  -2.0666989e+01  -1.9709359e+01  -3.2122530e+01  -2.9818848e+01  -3.8116120e+01
  -6.5000000e+01  -2.5381881e+01  -4.6928297e+01  -3.0774116e+01  -2.6848101e+01  -2.5683814e+01  -2.6427311e+01  -2.5614889e+01  -2.2214762e+01  -2.0927941e+01  -3.3132956e+01  -3.0931838e+01  -4.0409950e+01
  -6.4000000e+01  -2.4577654e+01  -3.8695180e+01  -3.2169149e+01  -2.6402218e+01  -2.5053705e+01  -2.5495858e+01  -2.8131267e+01  -2.4425688e+01  -2.2651608e+01  -3.3704193e+01  -3.2390871e+01  -4.0274814e+01
  -6.3000000e+01  -2.4010483e+01  -3.4315598e+01  -3.4132345e+01  -2.6292695e+01  -2.4701578e+01  -2.4745350e+01  -3.1106356e+01  -2.7798461e+01  -2.5168129e+01  -3.3626868e+01  -3.4255276e+01  -3.8772441e+01
  -6.2000000e+01  -2.3688177e+01  -3.1347031e+01  -3.5977245e+01  -2.6601246e+01  -2.4711446e+01  -2.4300073e+01  -3.2640810e+01  -3.3929647e+01  -2.9141517e+01  -3.3094325e+01  -3.6449470e+01  -3.7816325e+01
  -6.1000000e+01  -2.3628233e+01  -2.9172635e+01  -3.5280110e+01  -2.7447916e+01  -2.5176683e+01  -2.4239712e+01  -3.0728942e+01  -5.3418875e+01  -3.6563991e+01  -3.2486194e+01  -3.8205109e+01  -3.7590773e+01
  -6.0000000e+01  -2.3860964e+01  -2.7550071e+01  -3.2191085e+01  -2.9052452e+01  -2.6244761e+01  -2.4648811e+01  -2.8046904e+01  -3.3220953e+01  -3.7348912e+01  -3.2090540e+01  -3.7959208e+01  -3.6905142e+01
  -5.9000000e+01  -2.4435417e+01  -2.6367982e+01  -2.9094835e+01  -3.1896144e+01  -2.8207972e+01  -2.5660750e+01  -2.6036507e+01  -2.7823958e+01  -2.9783868e+01  -3.2083572e+01  -3.6259109e+01  -3.4327262e+01
  -5.8000000e+01  -2.5430967e+01  -2.5576093e+01  -2.6608156e+01  -3.7249423e+01  -3.1811654e+01  -2.7533405e+01  -2.4792020e+01  -2.4984684e+01  -2.5954421e+01  -3.2551326e+01  -3.4884091e+01  -3.0993705e+01
  -5.7000000e+01  -2.6981052e+01  -2.5160413e+01  -2.4699437e+01  -4.1528026e+01  -4.0341552e+01  -3.0861426e+01  -2.4265332e+01  -2.3402404e+01  -2.3797658e+01  -3.3144656e+01  -3.4569603e+01  -2.8265174e+01
  -5.6000000e+01  -2.9322566e+01  -2.5134899e+01  -2.3282605e+01  -3.3400627e+01  -4.0962896e+01  -3.7179814e+01  -2.4478024e+01  -2.2711458e+01  -2.2684834e+01  -3.1954966e+01  -3.4901713e+01  -2.6544282e+01
  -5.5000000e+01  -3.2860799e+01  -2.5541492e+01  -2.2300190e+01  -2.8482946e+01  -3.0965587e+01  -3.7700465e+01  -2.5572767e+01  -2.2825522e+01  -2.2425643e+01  -2.7924108e+01  -3.2256724e+01  -2.6016743e+01
  -5.4000000e+01  -3.7294925e+01  -2.6455309e+01  -2.1725552e+01  -2.5406975e+01  -2.6457361e+01  -3.0327561e+01  -2.7894914e+01  -2.3822525e+01  -2.3034316e+01  -2.3344040e+01  -2.6530410e+01  -2.6956089e+01
  -5.3000000e+01  -3.6025806e+01  -2.7985256e+01  -2.1558740e+01  -2.3365871e+01  -2.3719219e+01  -2.6148360e+01  -3.1844155e+01  -2.5948513e+01  -2.4716296e+01  -1.9307644e+01  -2.1320761e+01  -2.8666857e+01
  -5.2000000e+01  -3.1616556e+01  -3.0194212e+01  -2.1826111e+01  -2.2048437e+01  -2.1980232e+01  -2.3581580e+01  -3.2545463e+01  -2.9374193e+01  -2.7946057e+01  -1.5902789e+01  -1.7104920e+01  -2.5038456e+01
  -5.1000000e+01  -2.8583611e+01  -3.2463825e+01  -2.2585680e+01  -2.1323032e+01  -2.0970813e+01  -2.2008137e+01  -2.7038482e+01  -3.0480250e+01  -3.2076352e+01  -1.3061716e+01  -1.3696527e+01  -1.8974100e+01
  -5.0000000e+01  -2.6696605e+01  -3.2232711e+01  -2.3940130e+01  -2.1143738e+01  -2.0593863e+01  -2.1198373e+01  -2.2799551e+01  -2.6026216e+01  -2.8718916e+01  -1.0724592e+01  -1.0939981e+01  -1.4260608e+01
  -4.9000000e+01  -2.5647610e+01  -2.9483711e+01  -2.6055630e+01  -2.1520864e+01  -2.0845950e+01  -2.1086508e+01  -1.9935428e+01  -2.2103502e+01  -2.3715851e+01  -8.8554124e+00  -8.7411875e+00  -1.0710959e+01
  -4.8000000e+01  -2.5291739e+01  -2.6819432e+01  -2.9119514e+01  -2.2516976e+01  -2.1809118e+01  -2.1718125e+01  -1.8007758e+01  -1.9460803e+01  -2.0436834e+01  -7.4392228e+00  -7.0486358e+00  -8.0252426e+00
  -4.7000000e+01  -2.5574731e+01  -2.4906501e+01  -3.2523306e+01  -2.4256191e+01  -2.3697150e+01  -2.3279716e+01  -1.6797936e+01  -1.7778509e+01  -1.8364477e+01  -6.4798444e+00  -5.8405983e+00  -6.0390339e+00
  -4.6000000e+01  -2.6472065e+01  -2.3718742e+01  -3.2491232e+01  -2.6909095e+01  -2.7026214e+01  -2.6271663e+01  -1.6210675e+01  -1.6870062e+01  -1.7182722e+01  -6.0008314e+00  -5.1195647e+00  -4.6718167e+00
  -4.5000000e+01  -2.7863494e+01  -2.3184558e+01  -2.9757249e+01  -3.0281615e+01  -3.3152036e+01  -3.2373070e+01  -1.6223583e+01  -1.6666850e+01  -1.6764946e+01  -6.0510168e+00  -4.9124736e+00  -3.8962674e+00
  -4.4000000e+01  -2.9167131e+01  -2.3261324e+01  -2.7803896e+01  -3.1630201e+01  -3.6213993e+01  -4.0985074e+01  -1.6872183e+01  -1.7186931e+01  -1.7098720e+01  -6.7181997e+00  -5.2774748e+00  -3.7277459e+00
  -4.3000000e+01  -2.9151401e+01  -2.3898570e+01  -2.7114709e+01  -2.9312402e+01  -2.9148431e+01  -2.9564838e+01  -1.8256735e+01  -1.8536786e+01  -1.8270597e+01  -8.1613368e+00  -6.3221891e+00  -4.2288759e+00
  -4.2000000e+01  -2.7693985e+01  -2.4897749e+01  -2.7765393e+01  -2.7031704e+01  -2.5437850e+01  -2.4883668e+01  -2.0564816e+01  -2.0935483e+01  -2.0489179e+01  -1.0694532e+01  -8.2502171e+00  -5.5345875e+00
  -4.1000000e+01  -2.6070722e+01  -2.5597523e+01  -3.0150777e+01  -2.5810447e+01  -2.3659512e+01  -2.2550963e+01  -2.4028471e+01  -2.4579138e+01  -2.4025284e+01  -1.5046230e+01  -1.1500005e+01  -7.9271288e+00
  -4.0000000e+01  -2.5034389e+01  -2.5036022e+01  -3.4896254e+01  -2.5507398e+01  -2.3192406e+01  -2.1587821e+01  -2.7794893e+01  -2.7364129e+01  -2.7377936e+01  -2.2686174e+01  -1.7332165e+01  -1.2097553e+01
  -3.9000000e+01  -2.4826061e+01  -2.3402634e+01  -3.3570850e+01  -2.5740761e+01  -2.3913017e+01  -2.1754991e+01  -2.7270956e+01  -2.4890669e+01  -2.5233543e+01  -2.0885133e+01  -3.1645217e+01  -2.0594106e+01
  -3.8000000e+01  -2.5568371e+01  -2.1721793e+01  -2.7377311e+01  -2.5722645e+01  -2.5989818e+01  -2.3142878e+01  -2.4648063e+01  -2.1998329e+01  -2.2070769e+01  -1.5797775e+01  -2.0744000e+01  -2.4236507e+01
  -3.7000000e+01  -2.7171077e+01  -2.0562393e+01  -2.3517990e+01  -2.4653082e+01  -2.9733006e+01  -2.6276960e+01  -2.3206237e+01  -2.0505788e+01  -2.0370279e+01  -1.3855847e+01  -1.6437387e+01  -1.6264161e+01
  -3.6000000e+01  -2.7862407e+01  -2.0132339e+01  -2.1241931e+01  -2.2901495e+01  -3.2350918e+01  -3.3177488e+01  -2.2950983e+01  -2.0252652e+01  -2.0001725e+01  -1.3896753e+01  -1.5550502e+01  -1.4221169e+01
  -3.5000000e+01  -2.4883626e+01  -2.0597379e+01  -2.0125182e+01  -2.1362061e+01  -2.8636081e+01  -3.7584533e+01  -2.3131217e+01  -2.0967958e+01  -2.0765844e+01  -1.5575428e+01  -1.6562235e+01  -1.5147628e+01
  -3.4000000e+01  -2.0950281e+01  -2.2301360e+01  -2.0062905e+01  -2.0525065e+01  -2.5446476e+01  -2.8408970e+01  -2.2244041e+01  -2.1898209e+01  -2.2150120e+01  -1.7980411e+01  -1.7644915e+01  -1.9670500e+01
  -3.3000000e+01  -1.7791411e+01  -2.6287689e+01  -2.1159995e+01  -2.0652868e+01  -2.4122541e+01  -2.4869765e+01  -1.9902375e+01  -2.1372276e+01  -2.2313968e+01  -1.7238583e+01  -1.5619744e+01  -2.6862629e+01
  -3.2000000e+01  -1.5453344e+01  -3.9674650e+01  -2.3618332e+01  -2.2118625e+01  -2.4632008e+01  -2.3793457e+01  -1.7457435e+01  -1.9292662e+01  -2.0233408e+01  -1.4226773e+01  -1.2546357e+01  -1.6950692e+01
  -3.1000000e+01  -1.3797017e+01  -2.8909344e+01  -2.5863247e+01  -2.5954321e+01  -2.7797714e+01  -2.4713351e+01  -1.5689824e+01  -1.7306826e+01  -1.7941759e+01  -1.2229669e+01  -1.0499331e+01  -1.2389369e+01
  -3.0000000e+01  -1.2724338e+01  -2.1475400e+01  -2.2550226e+01  -3.5082859e+01  -4.1060370e+01  -2.8074619e+01  -1.4786391e+01  -1.6176951e+01  -1.6558288e+01  -1.1640305e+01  -9.6444153e+00  -1.0500064e+01
  -2.9000000e+01  -1.2183869e+01  -1.7668771e+01  -1.8129487e+01  -2.6185153e+01  -2.9320578e+01  -3.0344686e+01  -1.4834311e+01  -1.6124080e+01  -1.6326096e+01  -1.2427462e+01  -9.8872109e+00  -1.0328346e+01
  -2.8000000e+01  -1.2161451e+01  -1.5405560e+01  -1.4987564e+01  -1.9759106e+01  -2.1586653e+01  -2.3864120e+01  -1.6033541e+01  -1.7425602e+01  -1.7500127e+01  -1.4704677e+01  -1.1170923e+01  -1.1633652e+01
  -2.7000000e+01  -1.2677414e+01  -1.4138896e+01  -1.2912315e+01  -1.6223095e+01  -1.7600757e+01  -1.9062841e+01  -1.8954650e+01  -2.0938319e+01  -2.0925095e+01  -1.8717582e+01  -1.3442735e+01  -1.4292336e+01
  -2.6000000e+01  -1.3793688e+01  -1.3672933e+01  -1.1671316e+01  -1.4162008e+01  -1.5269326e+01  -1.6124709e+01  -2.5701145e+01  -3.1676739e+01  -3.1655065e+01  -2.3402373e+01  -1.6459566e+01  -1.7086767e+01
  -2.5000000e+01  -1.5638500e+01  -1.3955590e+01  -1.1148085e+01  -1.3142790e+01  -1.4055841e+01  -1.4436687e+01  -2.9503479e+01  -2.6189454e+01  -2.5891899e+01  -2.3739633e+01  -1.9267380e+01  -1.6906662e+01
  -2.4000000e+01  -1.8477362e+01  -1.5031198e+01  -1.1307195e+01  -1.3033308e+01  -1.3795496e+01  -1.3749171e+01  -1.9849455e+01  -1.8055352e+01  -1.7758941e+01  -2.3158890e+01  -1.9893315e+01  -1.5361745e+01
  -2.3000000e+01  -2.2961435e+01  -1.7049414e+01  -1.2180113e+01  -1.3867921e+01  -1.4508604e+01  -1.4007825e+01  -1.5695267e+01  -1.4363844e+01  -1.4027985e+01  -2.2707085e+01  -1.7673179e+01  -1.4524655e+01
  -2.2000000e+01  -3.1623176e+01  -2.0295163e+01  -1.3878623e+01  -1.5875124e+01  -1.6417462e+01  -1.5316158e+01  -1.3644761e+01  -1.2462695e+01  -1.2084546e+01  -1.8669656e+01  -1.4540103e+01  -1.3999705e+01
  -2.1000000e+01  -3.8969766e+01  -2.4786184e+01  -1.6653642e+01  -1.9743795e+01  -2.0210034e+01  -1.8016843e+01  -1.2891398e+01  -1.1731573e+01  -1.1312065e+01  -1.4408132e+01  -1.1976537e+01  -1.3062982e+01
  -2.0000000e+01  -2.8420992e+01  -2.6341327e+01  -2.1071861e+01  -2.8373715e+01  -2.8719672e+01  -2.2985449e+01  -1.3183749e+01  -1.1968669e+01  -1.1509945e+01  -1.1679957e+01  -1.0419129e+01  -1.1997526e+01
  -1.9000000e+01  -2.5407379e+01  -2.3446307e+01  -2.8202897e+01  -3.0160137e+01  -2.9761300e+01  -2.8894541e+01  -1.4471017e+01  -1.3139666e+01  -1.2647215e+01  -1.0367763e+01  -9.9515157e+00  -1.1584911e+01
  -1.8000000e+01  -2.4271287e+01  -2.1609166e+01  -2.9788038e+01  -2.1632550e+01  -2.1600188e+01  -2.3597657e+01  -1.6777749e+01  -1.5308640e+01  -1.4802976e+01  -1.0292952e+01  -1.0601012e+01  -1.2330497e+01
  -1.7000000e+01  -2.3541211e+01  -2.1475500e+01  -2.5515045e+01  -1.8641757e+01  -1.8583551e+01  -1.9981166e+01  -1.9886262e+01  -1.8533796e+01  -1.8106207e+01  -1.1372111e+01  -1.2362288e+01  -1.4509479e+01
  -1.6000000e+01  -2.2383763e+01  -2.3155691e+01  -2.4274299e+01  -1.7899283e+01  -1.7749802e+01  -1.8831494e+01  -2.2142417e+01  -2.2170000e+01  -2.2182587e+01  -1.3542180e+01  -1.4901419e+01  -1.7660996e+01
  -1.5000000e+01  -2.0889736e+01  -2.7610938e+01  -2.5057807e+01  -1.8898437e+01  -1.8577961e+01  -1.9611471e+01  -2.1743837e+01  -2.3494406e+01  -2.4152251e+01  -1.6521768e+01  -1.6790688e+01  -1.8123182e+01
  -1.4000000e+01  -1.9632077e+01  -3.6561367e+01  -2.5987124e+01  -2.2007001e+01  -2.1246987e+01  -2.2620605e+01  -2.0900331e+01  -2.2764307e+01  -2.3411430e+01  -1.9425079e+01  -1.7073226e+01  -1.5946315e+01
  -1.3000000e+01  -1.8994732e+01  -2.7649843e+01  -2.3892509e+01  -2.9435997e+01  -2.6289383e+01  -2.8111804e+01  -2.1147562e+01  -2.2841444e+01  -2.3533329e+01  -2.1741308e+01  -1.7614705e+01  -1.4823141e+01
  -1.2000000e+01  -1.9163214e+01  -2.2462323e+01  -2.0692691e+01  -3.2046076e+01  -2.7297205e+01  -2.4856153e+01  -2.2671653e+01  -2.4556314e+01  -2.5843430e+01  -2.5203248e+01  -2.0058012e+01  -1.5197608e+01
  -1.1000000e+01  -2.0278381e+01  -2.0027819e+01  -1.8442441e+01  -2.3707077e+01  -2.2370621e+01  -1.9692580e+01  -2.4858978e+01  -2.7903386e+01  -3.2060182e+01  -3.3506077e+01  -2.4701359e+01  -1.6554068e+01
  -1.0000000e+01  -2.2486000e+01  -1.9134964e+01  -1.7310482e+01  -2.0721957e+01  -1.9766252e+01  -1.7057501e+01  -2.5392036e+01  -2.9855476e+01  -3.8032172e+01  -3.0884252e+01  -2.3234091e+01  -1.7730295e+01
  -9.0000000e+00  -2.5517109e+01  -1.9401804e+01  -1.7196206e+01  -2.0189740e+01  -1.9166207e+01  -1.6109724e+01  -2.3847213e+01  -2.7484623e+01  -2.9068108e+01  -2.5804235e+01  -1.9231480e+01  -1.8079394e+01
  -8.0000000e+00  -2.6646955e+01  -2.0689140e+01  -1.8048963e+01  -2.1736252e+01  -2.0376166e+01  -1.6550958e+01  -2.2617215e+01  -2.5677865e+01  -2.6073130e+01  -2.6151442e+01  -1.7913651e+01  -1.8769448e+01
  -7.0000000e+00  -2.4530446e+01  -2.2879338e+01  -1.9881396e+01  -2.6304775e+01  -2.3966349e+01  -1.8457144e+01  -2.2455639e+01  -2.5533925e+01  -2.5814007e+01  -3.1471353e+01  -1.9041751e+01  -2.1033256e+01
  -6.0000000e+00  -2.2674251e+01  -2.5553992e+01  -2.2732938e+01  -4.4453499e+01  -3.3008771e+01  -2.2368324e+01  -2.3210072e+01  -2.6619082e+01  -2.7406770e+01  -2.4772147e+01  -2.2602036e+01  -2.5164596e+01
  -5.0000000e+00  -2.2050581e+01  -2.7677560e+01  -2.6600620e+01  -2.8916476e+01  -3.1090393e+01  -2.9768161e+01  -2.4372726e+01  -2.7722254e+01  -2.9488338e+01  -1.8265295e+01  -2.3822043e+01  -2.6840273e+01
  -4.0000000e+00  -2.2371956e+01  -2.8768599e+01  -3.1689128e+01  -2.3707906e+01  -2.4476127e+01  -3.0765287e+01  -2.5416644e+01  -2.7603069e+01  -2.9274419e+01  -1.4969351e+01  -1.9157846e+01  -2.5182567e+01
  -3.0000000e+00  -2.2463778e+01  -2.9242191e+01  -4.1285533e+01  -2.2507550e+01  -2.2560395e+01  -2.5906782e+01  -2.6731607e+01  -2.7469822e+01  -2.8353512e+01  -1.3573586e+01  -1.6033559e+01  -2.5826157e+01
  -2.0000000e+00  -2.0779963e+01  -2.7722070e+01  -3.3556703e+01  -2.4136342e+01  -2.3345288e+01  -2.4901215e+01  -3.0019939e+01  -2.9308868e+01  -2.9684345e+01  -1.3629628e+01  -1.4611672e+01  -2.7154020e+01
  -1.0000000e+00  -1.8144470e+01  -2.4336197e+01  -2.5326893e+01  -2.9161393e+01  -2.6624525e+01  -2.6267337e+01  -4.2613881e+01  -3.6792718e+01  -3.7104533e+01  -1.5018700e+01  -1.4456887e+01  -2.3694581e+01
   0.0000000e+00  -1.5897334e+01  -2.1354903e+01  -2.0627697e+01  -2.7101944e+01  -2.7294157e+01  -2.6759376e+01  -3.1925169e+01  -3.6113088e+01  -3.5350290e+01  -1.7859327e+01  -1.5488769e+01  -2.0897617e+01
   1.0000000e+00  -1.4329119e+01  -1.9436504e+01  -1.7628718e+01  -2.0803081e+01  -2.2228228e+01  -2.3524988e+01  -2.4838451e+01  -2.6573368e+01  -2.5814197e+01  -2.2732510e+01  -1.8052836e+01  -2.1112153e+01
   2.0000000e+00  -1.3242684e+01  -1.8365888e+01  -1.5641562e+01  -1.7491535e+01  -1.8971711e+01  -2.0801131e+01  -2.1746602e+01  -2.2645927e+01  -2.1764177e+01  -3.2583534e+01  -2.3405993e+01  -2.6045205e+01
   3.0000000e+00  -1.2177654e+01  -1.7295883e+01  -1.4091112e+01  -1.5955712e+01  -1.7548047e+01  -1.9747886e+01  -2.0060733e+01  -2.0311089e+01  -1.9487581e+01  -3.6245819e+01  -3.2368714e+01  -3.5698369e+01
   4.0000000e+00  -1.0618070e+01  -1.4988234e+01  -1.2332776e+01  -1.5216160e+01  -1.6928835e+01  -1.9369556e+01  -1.7613155e+01  -1.7498346e+01  -1.7153880e+01  -2.6972259e+01  -2.4534094e+01  -2.2355275e+01
   5.0000000e+00  -8.4991478e+00  -1.1632408e+01  -1.0032583e+01  -1.3758656e+01  -1.5101336e+01  -1.6713976e+01  -1.3597399e+01  -1.3572032e+01  -1.3698022e+01  -2.1615819e+01  -2.0582015e+01  -2.0064551e+01
   6.0000000e+00  -6.2256953e+00  -8.3334293e+00  -7.4724980e+00  -1.0802908e+01  -1.1489256e+01  -1.2148723e+01  -9.5158294e+00  -9.6284949e+00  -9.8876796e+00  -1.5928450e+01  -1.6950313e+01  -2.5497499e+01
   7.0000000e+00  -4.1670979e+00  -5.5741135e+00  -5.0865277e+00  -7.5057791e+00  -7.8276850e+00  -8.1040992e+00  -6.1622524e+00  -6.3316046e+00  -6.5673171e+00  -1.0781382e+01  -1.1872878e+01  -2.1716021e+01
   8.0000000e+00  -2.4881727e+00  -3.4171440e+00  -3.1064086e+00  -4.7221108e+00  -4.8853204e+00  -5.0184136e+00  -3.6055337e+00  -3.7773017e+00  -3.9544462e+00  -6.6883373e+00  -7.2809900e+00  -1.0788725e+01
   9.0000000e+00  -1.2340333e+00  -1.8218025e+00  -1.6041234e+00  -2.6180951e+00  -2.7052478e+00  -2.7736955e+00  -1.7689691e+00  -1.9140440e+00  -2.0332305e+00  -3.6400215e+00  -3.8744675e+00  -5.4066522e+00
   1.0000000e+01  -4.0677151e-01  -7.4036991e-01  -5.8848147e-01  -1.1615082e+00  -1.2061233e+00  -1.2394963e+00  -5.8131734e-01  -6.8322741e-01  -7.5310009e-01  -1.5433379e+00  -1.5924779e+00  -2.2387619e+00
   1.1000000e+01   0.0000000e+00  -1.3880864e-01  -5.3926659e-02  -3.0021681e-01  -3.1798739e-01  -3.3028171e-01   0.0000000e+00  -4.8278125e-02  -7.8502904e-02  -3.3448554e-01  -3.1872975e-01  -5.2234831e-01
   1.2000000e+01  -1.2401958e-02   0.0000000e+00   0.0000000e+00   0.0000000e+00   0.0000000e+00   0.0000000e+00  -1.2837657e-02   0.0000000e+00   0.0000000e+00   0.0000000e+00   0.0000000e+00   0.0000000e+00
   1.3000000e+01  -4.5400708e-01  -3.2452858e-01  -4.4024768e-01  -2.5120140e-01  -2.4031453e-01  -2.3542029e-01  -6.4045806e-01  -5.6084323e-01  -5.4031894e-01  -5.9146196e-01  -6.6529190e-01  -6.3069338e-01
   1.4000000e+01  -1.3513440e+00  -1.1331025e+00  -1.4095372e+00  -1.0717729e+00  -1.0568982e+00  -1.0552020e+00  -1.9459736e+00  -1.7961043e+00  -1.7667138e+00  -2.2650280e+00  -2.4621736e+00  -2.5617678e+00
   1.5000000e+01  -2.7548505e+00  -2.4728212e+00  -2.9749067e+00  -2.5139150e+00  -2.5034958e+00  -2.5159741e+00  -4.0598723e+00  -3.8421025e+00  -3.8215277e+00  -5.4044669e+00  -5.7866637e+00  -6.2838870e+00
   1.6000000e+01  -4.7517101e+00  -4.4305491e+00  -5.2551747e+00  -4.6774276e+00  -4.6823122e+00  -4.7267694e+00  -7.2386084e+00  -6.9784307e+00  -7.0026660e+00  -1.1101349e+01  -1.1870695e+01  -1.3458945e+01
   1.7000000e+01  -7.4863905e+00  -7.1591637e+00  -8.4525771e+00  -7.7247314e+00  -7.7531703e+00  -7.8622976e+00  -1.1972967e+01  -1.1822147e+01  -1.1996403e+01  -2.2016945e+01  -3.0776528e+01  -2.2357360e+01
   1.8000000e+01  -1.1163930e+01  -1.0914584e+01  -1.2826561e+01  -1.1799413e+01  -1.1801360e+01  -1.2024003e+01  -1.8190170e+01  -1.9127289e+01  -1.9761727e+01  -1.5254296e+01  -1.7402434e+01  -1.3975173e+01
   1.9000000e+01  -1.5681840e+01  -1.5887289e+01  -1.7585216e+01  -1.5979733e+01  -1.5556856e+01  -1.5759809e+01  -1.8197283e+01  -1.8788860e+01  -1.8518044e+01  -1.1686815e+01  -1.3673538e+01  -1.2253584e+01
   2.0000000e+01  -1.8179048e+01  -1.9586506e+01  -1.7932275e+01  -1.6582764e+01  -1.5593844e+01  -1.5429553e+01  -1.5520988e+01  -1.5020625e+01  -1.4585250e+01  -1.1558098e+01  -1.3951392e+01  -1.4216218e+01
   2.1000000e+01  -1.6644483e+01  -1.8047424e+01  -1.6129916e+01  -1.5283511e+01  -1.4276001e+01  -1.3956466e+01  -1.5126699e+01  -1.4006436e+01  -1.3550267e+01  -1.3824056e+01  -1.5896930e+01  -2.0077991e+01
   2.2000000e+01  -1.5229438e+01  -1.6489761e+01  -1.5697980e+01  -1.5076126e+01  -1.4075033e+01  -1.3690253e+01  -1.7070072e+01  -1.5099671e+01  -1.4599988e+01  -1.7294395e+01  -1.5154177e+01  -1.7899613e+01
   2.3000000e+01  -1.5043734e+01  -1.6481102e+01  -1.6972254e+01  -1.6468618e+01  -1.5364172e+01  -1.4890534e+01  -2.2442176e+01  -1.8370565e+01  -1.7802135e+01  -1.6039684e+01  -1.1990857e+01  -1.2329204e+01
   2.4000000e+01  -1.6102442e+01  -1.8071565e+01  -2.0484769e+01  -1.9995035e+01  -1.8588438e+01  -1.7927510e+01  -2.6526944e+01  -2.2756734e+01  -2.2635412e+01  -1.2903699e+01  -9.8884840e+00  -9.9120100e+00
   2.5000000e+01  -1.8590723e+01  -2.1810260e+01  -2.8845714e+01  -2.7255489e+01  -2.5575147e+01  -2.4595157e+01  -1.8325606e+01  -1.9498977e+01  -2.0017827e+01  -1.1496426e+01  -9.1979403e+00  -9.4398446e+00
   2.6000000e+01  -2.3260070e+01  -3.0621530e+01  -2.6774165e+01  -2.5413112e+01  -2.8898371e+01  -3.7866141e+01  -1.4220223e+01  -1.5338567e+01  -1.5671101e+01  -1.1776979e+01  -9.7520493e+00  -1.0428290e+01
   2.7000000e+01  -3.0408394e+01  -2.9564388e+01  -1.9593427e+01  -1.9293182e+01  -2.0758610e+01  -2.2675718e+01  -1.2222103e+01  -1.3132049e+01  -1.3391535e+01  -1.3663929e+01  -1.1451855e+01  -1.2576911e+01
   2.8000000e+01  -2.5316542e+01  -2.1918226e+01  -1.6326272e+01  -1.6359023e+01  -1.7328967e+01  -1.8591839e+01  -1.1519565e+01  -1.2329424e+01  -1.2595155e+01  -1.7322901e+01  -1.4243384e+01  -1.5093639e+01
   2.9000000e+01  -2.0642864e+01  -1.8676807e+01  -1.4791035e+01  -1.5087268e+01  -1.5957192e+01  -1.7090270e+01  -1.1830761e+01  -1.2652897e+01  -1.2985246e+01  -2.2380599e+01  -1.7920710e+01  -1.6279171e+01
   3.0000000e+01  -1.8350715e+01  -1.7235231e+01  -1.4369313e+01  -1.4944234e+01  -1.5918734e+01  -1.7116804e+01  -1.3089654e+01  -1.4061046e+01  -1.4533900e+01  -2.3800125e+01  -2.1468034e+01  -1.6155755e+01
   3.1000000e+01  -1.7419254e+01  -1.6933043e+01  -1.4846437e+01  -1.5750813e+01  -1.7046555e+01  -1.8479247e+01  -1.5383590e+01  -1.6726115e+01  -1.7467067e+01  -2.2628952e+01  -2.2388339e+01  -1.6217286e+01
   3.2000000e+01  -1.7472779e+01  -1.7553643e+01  -1.6182388e+01  -1.7505057e+01  -1.9503767e+01  -2.1455122e+01  -1.8987199e+01  -2.1116470e+01  -2.2342952e+01  -2.3316304e+01  -2.0039924e+01  -1.6520094e+01
   3.3000000e+01  -1.8399529e+01  -1.9065590e+01  -1.8469529e+01  -2.0360062e+01  -2.4047688e+01  -2.7276079e+01  -2.4273951e+01  -2.6830851e+01  -2.7232803e+01  -2.3420566e+01  -1.6849809e+01  -1.6042390e+01
   3.4000000e+01  -2.0258006e+01  -2.1556312e+01  -2.1953418e+01  -2.4619973e+01  -3.4309086e+01  -3.5371872e+01  -2.8056026e+01  -2.5257233e+01  -2.3743097e+01  -1.9538758e+01  -1.4244798e+01  -1.4666167e+01
   3.5000000e+01  -2.3336578e+01  -2.5074888e+01  -2.6811831e+01  -2.9577104e+01  -3.1623916e+01  -2.6763325e+01  -2.5412341e+01  -2.1850178e+01  -2.0714069e+01  -1.5832072e+01  -1.2545868e+01  -1.3417806e+01
   3.6000000e+01  -2.8523555e+01  -2.8250515e+01  -2.9707336e+01  -2.9231275e+01  -2.4811860e+01  -2.2635592e+01  -2.3525095e+01  -2.0429622e+01  -1.9610018e+01  -1.3553892e+01  -1.1755492e+01  -1.2912234e+01
   3.7000000e+01  -3.8511583e+01  -2.7393397e+01  -2.7189057e+01  -2.6630433e+01  -2.2166495e+01  -2.0883071e+01  -2.3264417e+01  -2.0431935e+01  -1.9843647e+01  -1.2492229e+01  -1.1830802e+01  -1.3307085e+01
   3.8000000e+01  -3.3360145e+01  -2.5071977e+01  -2.5248127e+01  -2.5483732e+01  -2.1281504e+01  -2.0509669e+01  -2.3918218e+01  -2.1354892e+01  -2.0965315e+01  -1.2451280e+01  -1.2746193e+01  -1.4608050e+01
   3.9000000e+01  -2.8108685e+01  -2.3666868e+01  -2.4885176e+01  -2.5597352e+01  -2.1548321e+01  -2.1215722e+01  -2.4207150e+01  -2.2395719e+01  -2.2137180e+01  -1.3340847e+01  -1.4484511e+01  -1.6670814e+01
   4.0000000e+01  -2.5906854e+01  -2.3292325e+01  -2.6025979e+01  -2.6456939e+01  -2.2744373e+01  -2.2969381e+01  -2.2998874e+01  -2.2338179e+01  -2.2035086e+01  -1.5148836e+01  -1.6934686e+01  -1.8806545e+01
   4.1000000e+01  -2.5232626e+01  -2.3858893e+01  -2.9091253e+01  -2.7113293e+01  -2.4701498e+01  -2.5906725e+01  -2.1094441e+01  -2.1155299e+01  -2.0745009e+01  -1.7888629e+01  -1.9536144e+01  -1.9602399e+01
   4.2000000e+01  -2.5651014e+01  -2.5396320e+01  -3.6578300e+01  -2.6484842e+01  -2.6918117e+01  -2.9997914e+01  -1.9540547e+01  -1.9961580e+01  -1.9508289e+01  -2.1358189e+01  -2.1052077e+01  -1.9061596e+01
   4.3000000e+01  -2.7087028e+01  -2.8097480e+01  -4.1768983e+01  -2.4939181e+01  -2.8114490e+01  -3.2282950e+01  -1.8649178e+01  -1.9390008e+01  -1.8941276e+01  -2.4298802e+01  -2.1340064e+01  -1.8574053e+01
   4.4000000e+01  -2.9724058e+01  -3.2056666e+01  -3.0121228e+01  -2.3487054e+01  -2.7730730e+01  -3.0005988e+01  -1.8454857e+01  -1.9651913e+01  -1.9228404e+01  -2.5082182e+01  -2.1786454e+01  -1.8781316e+01
   4.5000000e+01  -3.4135802e+01  -3.3742546e+01  -2.5674865e+01  -2.2556788e+01  -2.7063206e+01  -2.7908306e+01  -1.8968447e+01  -2.0927442e+01  -2.0534952e+01  -2.5183584e+01  -2.3389340e+01  -1.9740150e+01
   4.6000000e+01  -4.0175944e+01  -3.0013193e+01  -2.3219193e+01  -2.2228483e+01  -2.7089562e+01  -2.7107413e+01  -2.0262291e+01  -2.3654032e+01  -2.3272655e+01  -2.6215639e+01  -2.7037766e+01  -2.1234188e+01
   4.7000000e+01  -3.7178376e+01  -2.6641720e+01  -2.1809950e+01  -2.2505169e+01  -2.8202842e+01  -2.7419373e+01  -2.2553145e+01  -2.9372965e+01  -2.8722981e+01  -2.8479315e+01  -3.5611488e+01  -2.2690033e+01
   4.8000000e+01  -3.2750994e+01  -2.4405721e+01  -2.1092385e+01  -2.3402606e+01  -3.0759710e+01  -2.8504455e+01  -2.6457975e+01  -4.1532706e+01  -3.5104991e+01  -3.0630319e+01  -3.4458240e+01  -2.3346850e+01
   4.9000000e+01  -3.0350554e+01  -2.2963911e+01  -2.0887838e+01  -2.4978650e+01  -3.4515366e+01  -2.9312268e+01  -3.4550282e+01  -2.7432671e+01  -2.6295138e+01  -2.9449151e+01  -2.6975539e+01  -2.3218847e+01
   5.0000000e+01  -2.9169463e+01  -2.2076582e+01  -2.1083903e+01  -2.7336464e+01  -3.3067811e+01  -2.8142148e+01  -3.9867737e+01  -2.2083252e+01  -2.1439942e+01  -2.6993861e+01  -2.3786155e+01  -2.3040531e+01
   5.1000000e+01  -2.8762088e+01  -2.1596751e+01  -2.1588894e+01  -3.0471192e+01  -2.8140626e+01  -2.5587298e+01  -2.8956474e+01  -1.9112296e+01  -1.8633085e+01  -2.5483846e+01  -2.2415655e+01  -2.3325090e+01
   5.2000000e+01  -2.8807361e+01  -2.1427656e+01  -2.2303288e+01  -3.3099360e+01  -2.4575685e+01  -2.3145458e+01  -2.4855699e+01  -1.7285889e+01  -1.6900694e+01  -2.5122525e+01  -2.2221411e+01  -2.4265281e+01
   5.3000000e+01  -2.8916420e+01  -2.1499701e+01  -2.3098718e+01  -3.2171367e+01  -2.2147723e+01  -2.1241096e+01  -2.2668905e+01  -1.6180077e+01  -1.5865553e+01  -2.5885075e+01  -2.3014080e+01  -2.5925822e+01
   5.4000000e+01  -2.8607680e+01  -2.1758780e+01  -2.3816223e+01  -2.9610147e+01  -2.0486161e+01  -1.9861279e+01  -2.1479231e+01  -1.5597991e+01  -1.5345347e+01  -2.7907320e+01  -2.4842122e+01  -2.8286156e+01
   5.5000000e+01  -2.7621400e+01  -2.2160561e+01  -2.4308701e+01  -2.7606937e+01  -1.9379795e+01  -1.8927352e+01  -2.0949414e+01  -1.5432963e+01  -1.5239749e+01  -3.1579420e+01  -2.8073960e+01  -3.0983595e+01
   5.6000000e+01  -2.6173465e+01  -2.2668128e+01  -2.4518167e+01  -2.6343448e+01  -1.8705635e+01  -1.8370005e+01  -2.0921094e+01  -1.5622546e+01  -1.5489987e+01  -3.5842734e+01  -3.4129688e+01  -3.2668762e+01
   5.7000000e+01  -2.4639442e+01  -2.3251617e+01  -2.4507795e+01  -2.5684192e+01  -1.8387687e+01  -1.8137500e+01  -2.1312501e+01  -1.6129782e+01  -1.6061933e+01  -3.2776330e+01  -7.5493694e+01  -3.2284821e+01
   5.8000000e+01  -2.3248384e+01  -2.3888801e+01  -2.4405163e+01  -2.5517581e+01  -1.8377114e+01  -1.8192908e+01  -2.2083409e+01  -1.6934897e+01  -1.6938627e+01  -2.8465958e+01  -3.4879879e+01  -3.1165320e+01
   5.9000000e+01  -2.2082649e+01  -2.4565664e+01  -2.4327264e+01  -2.5775833e+01  -1.8642399e+01  -1.8510797e+01  -2.3222274e+01  -1.8031928e+01  -1.8117493e+01  -2.5736057e+01  -2.9610299e+01  -3.0390223e+01
   6.0000000e+01  -2.1153330e+01  -2.5276195e+01  -2.4349772e+01  -2.6425688e+01  -1.9164377e+01  -1.9074952e+01  -2.4743775e+01  -1.9428452e+01  -1.9610738e+01  -2.4071808e+01  -2.7018080e+01  -3.0144274e+01
   6.1000000e+01  -2.0445632e+01  -2.6021070e+01  -2.4511471e+01  -2.7463079e+01  -1.9933970e+01  -1.9877230e+01  -2.6694585e+01  -2.1148231e+01  -2.1448992e+01  -2.3125604e+01  -2.5618938e+01  -3.0351518e+01
   6.2000000e+01  -1.9937845e+01  -2.6805483e+01  -2.4827751e+01  -2.8914941e+01  -2.0951763e+01  -2.0917453e+01  -2.9170737e+01  -2.3237932e+01  -2.3689654e+01  -2.2707439e+01  -2.4938594e+01  -3.0889470e+01
   6.3000000e+01  -1.9608202e+01  -2.7636654e+01  -2.5301457e+01  -3.0850576e+01  -2.2229337e+01  -2.2204466e+01  -3.2357354e+01  -2.5781203e+01  -2.6433163e+01  -2.2705825e+01  -2.4760980e+01  -3.1630701e+01
   6.4000000e+01  -1.9436994e+01  -2.8521553e+01  -2.5929491e+01  -3.3409505e+01  -2.3792994e+01  -2.3758787e+01  -3.6599093e+01  -2.8926960e+01  -2.9848937e+01  -2.3050697e+01  -2.4968484e+01  -3.2461216e+01
   6.5000000e+01  -1.9406972e+01  -2.9465075e+01  -2.6706408e+01  -3.6854154e+01  -2.5691717e+01  -2.5617911e+01  -4.2085222e+01  -3.2935545e+01  -3.4154494e+01  -2.3696105e+01  -2.5490367e+01  -3.3307309e+01
   6.6000000e+01  -1.9503161e+01  -3.0468606e+01  -2.7626261e+01  -4.1491487e+01  -2.8014258e+01  -2.7846573e+01  -4.3845708e+01  -3.8050870e+01  -3.8768110e+01  -2.4611738e+01  -2.6282032e+01  -3.4158917e+01
   6.7000000e+01  -1.9712528e+01  -3.1528744e+01  -2.8683504e+01  -4.4886472e+01  -3.0928983e+01  -3.0556803e+01  -4.0238908e+01  -4.1715382e+01  -3.9336451e+01  -2.5778882e+01  -2.7315551e+01  -3.5066385e+01
   6.8000000e+01  -2.0023624e+01  -3.2635919e+01  -2.9873399e+01  -4.1833036e+01  -3.4791026e+01  -3.3944862e+01  -3.7595443e+01  -3.9396875e+01  -3.6802547e+01  -2.7189034e+01  -2.8575041e+01  -3.6111069e+01
   6.9000000e+01  -2.0426286e+01  -3.3772778e+01  -3.1192096e+01  -3.8438102e+01  -4.0469374e+01  -3.8305877e+01  -3.6065326e+01  -3.6788101e+01  -3.4884307e+01  -2.8844441e+01  -3.0054429e+01  -3.7370517e+01
   7.0000000e+01  -2.0911370e+01  -3.4912582e+01  -3.2636420e+01  -3.6172466e+01  -4.8063401e+01  -4.3131361e+01  -3.5255686e+01  -3.5304256e+01  -3.3805084e+01  -3.0759644e+01  -3.1756482e+01  -3.8882109e+01
   7.1000000e+01  -2.1470528e+01  -3.6018540e+01  -3.4203185e+01  -3.4672718e+01  -4.3027362e+01  -4.3090431e+01  -3.4940441e+01  -3.4676031e+01  -3.3343137e+01  -3.2961661e+01  -3.3692506e+01  -4.0568639e+01
   7.2000000e+01  -2.2096029e+01  -3.7045871e+01  -3.5887588e+01  -3.3675303e+01  -3.8434070e+01  -3.9839649e+01  -3.4991952e+01  -3.4727496e+01  -3.3408148e+01  -3.5486285e+01  -3.5881784e+01  -4.2066764e+01
   7.3000000e+01  -2.2780593e+01  -3.7948549e+01  -3.7679656e+01  -3.3026539e+01  -3.5852575e+01  -3.7454575e+01  -3.5333431e+01  -3.5327043e+01  -3.4061887e+01  -3.8374502e+01  -3.8347659e+01  -4.2657868e+01
   7.4000000e+01  -2.3517255e+01  -3.8690655e+01  -3.9556798e+01  -3.2631729e+01  -3.4267483e+01  -3.5930075e+01  -3.5915948e+01  -3.6124759e+01  -3.5132163e+01  -4.1681015e+01  -4.1097806e+01  -4.2009976e+01
   7.5000000e+01  -2.4299226e+01  -3.9257812e+01  -4.1469375e+01  -3.2428170e+01  -3.3260639e+01  -3.4974361e+01  -3.6706840e+01  -3.7103395e+01  -3.6603782e+01  -4.5506402e+01  -4.4043391e+01  -4.0714043e+01
   7.6000000e+01  -2.5119776e+01  -3.9661523e+01  -4.3317667e+01  -3.2371608e+01  -3.2629955e+01  -3.4404253e+01  -3.7683267e+01  -3.8349360e+01  -3.8361467e+01  -5.0072062e+01  -4.6755934e+01  -3.9397954e+01
   7.7000000e+01  -2.5972105e+01  -3.9933300e+01  -4.4932440e+01  -3.2429119e+01  -3.2262319e+01  -3.4108380e+01  -3.8828066e+01  -3.9849518e+01  -4.0379531e+01  -5.5934049e+01  -4.8286484e+01  -3.8310784e+01
   7.8000000e+01  -2.6849218e+01  -4.0112956e+01  -4.6105697e+01  -3.2575145e+01  -3.2087302e+01  -3.4014868e+01  -4.0126318e+01  -4.1581247e+01  -4.2644009e+01  -6.4927693e+01  -4.8246372e+01  -3.7498447e+01
   7.9000000e+01  -2.7743797e+01  -4.0238194e+01  -4.6712247e+01  -3.2789207e+01  -3.2057418e+01  -3.4074247e+01  -4.1561468e+01  -4.3493202e+01  -4.5072828e+01  -7.1758874e+01  -4.7513957e+01  -3.6942482e+01
   8.0000000e+01  -2.8648063e+01  -4.0339127e+01  -4.6815599e+01  -3.3054535e+01  -3.2138650e+01  -3.4250474e+01  -4.3109717e+01  -4.5456820e+01  -4.7381977e+01  -6.4453657e+01  -4.6833971e+01  -3.6609764e+01
   8.1000000e+01  -2.9553641e+01  -4.0437206e+01  -4.6604675e+01  -3.3357232e+01  -3.2305472e+01  -3.4516004e+01  -4.4731363e+01  -4.7210514e+01  -4.8968066e+01  -6.1964214e+01  -4.6436873e+01  -3.6466658e+01
   8.2000000e+01  -3.0451436e+01  -4.0546511e+01  -4.6257478e+01  -3.3685770e+01  -3.2538067e+01  -3.4848974e+01  -4.6358757e+01  -4.8394249e+01  -4.9349478e+01  -6.1243304e+01  -4.6346562e+01  -3.6482161e+01
   8.3000000e+01  -3.1331527e+01  -4.0675722e+01  -4.5883914e+01  -3.4030679e+01  -3.2820705e+01  -3.5231563e+01  -4.7885778e+01  -4.8814680e+01  -4.8854884e+01  -6.1382461e+01  -4.6537772e+01  -3.6627956e+01
   8.4000000e+01  -3.2183119e+01  -4.0829961e+01  -4.5536930e+01  -3.4384344e+01  -3.3140778e+01  -3.5649028e+01  -4.9175236e+01  -4.8651840e+01  -4.8108485e+01  -6.1923194e+01  -4.6980662e+01  -3.6877758e+01
   8.5000000e+01  -3.2994567e+01  -4.1012240e+01  -4.5236886e+01  -3.4740876e+01  -3.3488226e+01  -3.6089170e+01  -5.0105021e+01  -4.8235722e+01  -4.7437350e+01  -6.2438898e+01  -4.7651008e+01  -3.7206698e+01
   8.6000000e+01  -3.3753545e+01  -4.1224521e+01  -4.4988455e+01  -3.5095996e+01  -3.3855199e+01  -3.6542066e+01  -5.0635569e+01  -4.7790483e+01  -4.6930801e+01  -6.2502897e+01  -4.8531779e+01  -3.7590982e+01
   8.7000000e+01  -3.4447377e+01  -4.1468489e+01  -4.4789536e+01  -3.5446934e+01  -3.4235878e+01  -3.6999970e+01  -5.0828830e+01  -4.7411054e+01  -4.6587591e+01  -6.1946185e+01  -4.9613016e+01  -3.8007937e+01
   8.8000000e+01  -3.5063589e+01  -4.1746130e+01  -4.4635409e+01  -3.5792322e+01  -3.4626387e+01  -3.7457315e+01  -5.0795095e+01  -4.7121026e+01  -4.6381845e+01  -6.0973219e+01  -5.0891821e+01  -3.8436508e+01
   8.9000000e+01  -3.5590658e+01  -4.2060213e+01  -4.4520484e+01  -3.6132073e+01  -3.5024772e+01  -3.7910777e+01  -5.0631716e+01  -4.6914654e+01  -4.6284936e+01  -5.9877997e+01  -5.2372823e+01  -3.8858165e+01
   9.0000000e+01  -3.6018919e+01  -4.2414726e+01  -4.4438970e+01  -3.6467264e+01  -3.5431009e+01  -3.8359345e+01  -5.0400321e+01  -4.6776996e+01  -4.6271972e+01  -5.8826890e+01  -5.4068656e+01  -3.9258112e+01
   9.1000000e+01  -3.6341496e+01  -4.2815332e+01  -4.4385124e+01  -3.6800003e+01  -3.5847047e+01  -3.8804394e+01  -5.0132638e+01  -4.6692496e+01  -4.6323532e+01  -5.7863047e+01  -5.5997956e+01  -3.9626537e+01
   9.2000000e+01  -3.6555087e+01  -4.3269900e+01  -4.4353478e+01  -3.7133311e+01  -3.6276873e+01  -3.9249744e+01  -4.9843493e+01  -4.6648535e+01  -4.6426007e+01  -5.6966248e+01  -5.8170740e+01  -3.9959608e+01
   9.3000000e+01  -3.6660422e+01  -4.3789171e+01  -4.4339202e+01  -3.7470984e+01  -3.6726611e+01  -3.9701706e+01  -4.9541182e+01  -4.6636843e+01  -4.6571563e+01  -5.6095604e+01  -6.0523015e+01  -4.0259952e+01
   9.4000000e+01  -3.6662285e+01  -4.4387655e+01  -4.4338687e+01  -3.7817461e+01  -3.7204673e+01  -4.0169131e+01  -4.9233551e+01  -4.6653929e+01  -4.6757994e+01  -5.5214636e+01  -6.2696811e+01  -4.0536541e+01
   9.5000000e+01  -3.6569094e+01  -4.5084918e+01  -4.4350291e+01  -3.8177665e+01  -3.7721980e+01  -4.0663463e+01  -4.8930738e+01  -4.6701020e+01  -4.6988542e+01  -5.4304549e+01  -6.3752295e+01  -4.0804086e+01
   9.6000000e+01  -3.6392145e+01  -4.5907488e+01  -4.4375095e+01  -3.8556813e+01  -3.8292272e+01  -4.1198799e+01  -4.8645879e+01  -4.6783774e+01  -4.7271779e+01  -5.3367023e+01  -6.3042397e+01  -4.1082233e+01
   9.7000000e+01  -3.6144694e+01  -4.6891781e+01  -4.4417526e+01  -3.8960176e+01  -3.8932503e+01  -4.1791849e+01  -4.8394842e+01  -4.6911954e+01  -4.7621706e+01  -5.2418547e+01  -6.1351086e+01  -4.1394873e+01
   9.8000000e+01  -3.5841049e+01  -4.8088522e+01  -4.4485765e+01  -3.9392800e+01  -3.9663202e+01  -4.2461550e+01  -4.8195742e+01  -4.7099278e+01  -4.8058279e+01  -5.1481276e+01  -5.9536083e+01  -4.1769855e+01
   9.9000000e+01  -3.5495804e+01  -4.9568711e+01  -4.4591987e+01  -3.9859232e+01  -4.0508399e+01  -4.3227468e+01  -4.8068663e+01  -4.7363628e+01  -4.8608732e+01  -5.0575338e+01  -5.7882906e+01  -4.2239319e+01
   1.0000000e+02  -3.5123270e+01  -5.1426404e+01  -4.4752556e+01  -4.0363428e+01  -4.1493672e+01  -4.4104737e+01  -4.8035788e+01  -4.7727875e+01  -4.9310289e+01  -4.9714663e+01  -5.6425641e+01  -4.2840779e+01
   1.0100000e+02  -3.4737121e+01  -5.3741127e+01  -4.4988366e+01  -4.0909173e+01  -4.2637855e+01  -4.5089413e+01  -4.8122058e+01  -4.8221696e+01  -5.0215481e+01  -4.8905781e+01  -5.5139014e+01  -4.3619052e+01
   1.0200000e+02  -3.4350213e+01  -5.6271307e+01  -4.5325531e+01  -4.1501481e+01  -4.3924780e+01  -4.6120134e+01  -4.8356548e+01  -4.8885100e+01  -5.1402783e+01  -4.8148189e+01  -5.3992428e+01  -4.4628896e+01
   1.0300000e+02  -3.3974548e+01  -5.7368557e+01  -4.5796568e+01  -4.2149277e+01  -4.5221272e+01  -4.6998383e+01  -4.8774855e+01  -4.9775259e+01  -5.2999603e+01  -4.7435120e+01  -5.2960684e+01  -4.5937139e+01
   1.0400000e+02  -3.3621331e+01  -5.5478442e+01  -4.6442137e+01  -4.2869131e+01  -4.6119792e+01  -4.7322905e+01  -4.9423007e+01  -5.0980527e+01  -5.5238637e+01  -4.6754148e+01  -5.2023094e+01  -4.7617802e+01
   1.0500000e+02  -3.3301081e+01  -5.2625457e+01  -4.7312867e+01  -4.3689200e+01  -4.5982836e+01  -4.6708706e+01  -5.0363401e+01  -5.2652426e+01  -5.8623410e+01  -4.6087663e+01  -5.1158984e+01  -4.9708892e+01
   1.0600000e+02  -3.3023781e+01  -5.0130244e+01  -4.8468219e+01  -4.4652611e+01  -4.4663774e+01  -4.5247239e+01  -5.1681905e+01  -5.5092338e+01  -6.4481955e+01  -4.5413805e+01  -5.0341768e+01  -5.2002549e+01
   1.0700000e+02  -3.2799037e+01  -4.8134163e+01  -4.9957020e+01  -4.5819632e+01  -4.2740762e+01  -4.3386470e+01  -5.3484358e+01  -5.9064631e+01  -6.8632959e+01  -4.4708974e+01  -4.9533581e+01  -5.3505283e+01
   1.0800000e+02  -3.2636238e+01  -4.6564056e+01  -5.1709946e+01  -4.7264854e+01  -4.0741743e+01  -4.1474113e+01  -5.5795175e+01  -6.7858533e+01  -6.0603478e+01  -4.3953030e+01  -4.8684769e+01  -5.3066029e+01
   1.0900000e+02  -3.2544685e+01  -4.5349542e+01  -5.3138330e+01  -4.9045964e+01  -3.8880724e+01  -3.9661958e+01  -5.7891248e+01  -6.7254125e+01  -5.5763247e+01  -4.3137027e+01  -4.7744705e+01  -5.1615488e+01
   1.1000000e+02  -3.2533688e+01  -4.4446595e+01  -5.2853344e+01  -5.1029738e+01  -3.7206923e+01  -3.7994060e+01  -5.7368901e+01  -5.7837507e+01  -5.2576371e+01  -4.2270856e+01  -4.6685737e+01  -5.0442880e+01
   1.1100000e+02  -3.2612564e+01  -4.3834051e+01  -5.0719480e+01  -5.2300640e+01  -3.5715271e+01  -3.6473115e+01  -5.4433361e+01  -5.3110668e+01  -5.0214383e+01  -4.1386392e+01  -4.5526996e+01  -5.0004225e+01
   1.1200000e+02  -3.2790497e+01  -4.3508480e+01  -4.8158406e+01  -5.1347553e+01  -3.4388107e+01  -3.5089404e+01  -5.1371723e+01  -4.9862413e+01  -4.8315374e+01  -4.0533313e+01  -4.4335945e+01  -5.0472716e+01
   1.1300000e+02  -3.3076212e+01  -4.3480027e+01  -4.5894750e+01  -4.8857239e+01  -3.3208168e+01  -3.3831562e+01  -4.8752201e+01  -4.7331675e+01  -4.6679049e+01  -3.9769163e+01  -4.3204194e+01  -5.2042446e+01
   1.1400000e+02  -3.3477469e+01  -4.3767201e+01  -4.4046414e+01  -4.6303184e+01  -3.2162085e+01  -3.2690294e+01  -4.6527198e+01  -4.5222384e+01  -4.5183930e+01  -3.9149182e+01  -4.2219379e+01  -5.4862465e+01
   1.1500000e+02  -3.4000557e+01  -4.4292279e+01  -4.2577280e+01  -4.4132948e+01  -3.1240981e+01  -3.1659524e+01  -4.4603174e+01  -4.3401459e+01  -4.3765532e+01  -3.8721308e+01  -4.1452679e+01  -5.6965110e+01
   1.1600000e+02  -3.4650156e+01  -4.4776489e+01  -4.1437035e+01  -4.2367597e+01  -3.0440215e+01  -3.0736630e+01  -4.2918269e+01  -4.1813052e+01  -4.2406134e+01  -3.8528106e+01  -4.0962750e+01  -5.3834988e+01
   1.1700000e+02  -3.5430741e+01  -4.5455270e+01  -4.0588107e+01  -4.0956259e+01  -2.9758887e+01  -2.9922342e+01  -4.1444405e+01  -4.0441298e+01  -4.1120668e+01  -3.8613686e+01  -4.0808020e+01  -4.9922741e+01
   1.1800000e+02  -3.6359863e+01  -4.6340085e+01  -4.0006750e+01  -3.9851358e+01  -2.9199294e+01  -2.9220567e+01  -4.0218746e+01  -3.9289027e+01  -3.9941406e+01  -3.9033341e+01  -4.1062971e+01  -4.7176778e+01
   1.1900000e+02  -3.7570363e+01  -4.7491872e+01  -3.9680166e+01  -3.9018394e+01  -2.8766437e+01  -2.8638283e+01  -3.9287435e+01  -3.8365987e+01  -3.8907375e+01  -3.9866376e+01  -4.1841951e+01  -4.5442198e+01
   1.2000000e+02  -3.9092630e+01  -4.9045521e+01  -3.9604144e+01  -3.8434212e+01  -2.8467690e+01  -2.8185498e+01  -3.8600778e+01  -3.7684562e+01  -3.8059090e+01  -4.1237773e+01  -4.3347318e+01  -4.4550540e+01
   1.2100000e+02  -4.0851123e+01  -5.1183743e+01  -3.9781830e+01  -3.8084194e+01  -2.8312768e+01  -2.7874661e+01  -3.8180907e+01  -3.7260530e+01  -3.7436702e+01  -4.3366074e+01  -4.6004055e+01  -4.4438288e+01
   1.2200000e+02  -4.3209638e+01  -5.4063118e+01  -4.0223394e+01  -3.7960133e+01  -2.8314293e+01  -2.7718976e+01  -3.8068035e+01  -3.7116343e+01  -3.7080707e+01  -4.6695297e+01  -5.1010292e+01  -4.5092399e+01
   1.2300000e+02  -4.5585848e+01  -5.7068384e+01  -4.0946300e+01  -3.8058824e+01  -2.8489302e+01  -2.7731616e+01  -3.8312412e+01  -3.7285179e+01  -3.7035002e+01  -5.2312118e+01  -6.3082410e+01  -4.6397422e+01
   1.2400000e+02  -4.6712106e+01  -5.6936236e+01  -4.1975753e+01  -3.8381239e+01  -2.8859643e+01  -2.7926866e+01  -3.8980333e+01  -3.7815189e+01  -3.7352102e+01  -5.8794062e+01  -5.2484687e+01  -4.7610997e+01
   1.2500000e+02  -4.6003365e+01  -5.3995026e+01  -4.3344447e+01  -3.8932106e+01  -2.9445200e+01  -2.8321325e+01  -4.0163911e+01  -3.8773719e+01  -3.8100722e+01  -5.2308864e+01  -4.6724480e+01  -4.7135136e+01
   1.2600000e+02  -4.4610165e+01  -5.1361113e+01  -4.5088877e+01  -3.9719760e+01  -3.0261027e+01  -2.8935048e+01  -4.1982307e+01  -4.0248054e+01  -3.9375828e+01  -4.8330751e+01  -4.3955142e+01  -4.5195512e+01
   1.2700000e+02  -4.3434550e+01  -4.9536629e+01  -4.7233893e+01  -4.0756074e+01  -3.1324789e+01  -2.9792672e+01  -4.4480268e+01  -4.2315907e+01  -4.1304765e+01  -4.6540880e+01  -4.2738804e+01  -4.3418245e+01
   1.2800000e+02  -4.2679733e+01  -4.8414454e+01  -4.9742907e+01  -4.2056061e+01  -3.2658688e+01  -3.0921550e+01  -4.6717334e+01  -4.4833958e+01  -4.3987372e+01  -4.6068419e+01  -4.2716142e+01  -4.2460291e+01
   1.2900000e+02  -4.2271946e+01  -4.7896962e+01  -5.2401140e+01  -4.3636318e+01  -3.4286969e+01  -3.2344234e+01  -4.7185728e+01  -4.6635451e+01  -4.6948040e+01  -4.6554144e+01  -4.3882927e+01  -4.2459580e+01
   1.3000000e+02  -4.2208768e+01  -4.7933387e+01  -5.4746233e+01  -4.5510598e+01  -3.6230625e+01  -3.4070927e+01  -4.6264356e+01  -4.6001803e+01  -4.7723723e+01  -4.7757437e+01  -4.6536582e+01  -4.3470106e+01
   1.3100000e+02  -4.2575193e+01  -4.8483735e+01  -5.6558910e+01  -4.7679227e+01  -3.8494136e+01  -3.6089958e+01  -4.5258204e+01  -4.4203022e+01  -4.5876739e+01  -4.9411735e+01  -5.1648633e+01  -4.5474375e+01
   1.3200000e+02  -4.3325002e+01  -4.9425085e+01  -5.8587403e+01  -5.0106937e+01  -4.1030530e+01  -3.8340152e+01  -4.4763745e+01  -4.3041370e+01  -4.4187181e+01  -5.1318663e+01  -6.2816661e+01  -4.7917533e+01
   1.3300000e+02  -4.4262769e+01  -5.0327137e+01  -6.2469311e+01  -5.2682509e+01  -4.3659455e+01  -4.0657441e+01  -4.4571346e+01  -4.3360554e+01  -4.3522364e+01  -5.3719682e+01  -5.7822241e+01  -4.9067156e+01
   1.3400000e+02  -4.5013993e+01  -5.0339289e+01  -6.8488670e+01  -5.5156402e+01  -4.5954693e+01  -4.2733758e+01  -4.4665192e+01  -4.4336466e+01  -4.3861072e+01  -5.7306533e+01  -5.4091357e+01  -4.8897130e+01
   1.3500000e+02  -4.5213434e+01  -4.9142350e+01  -6.0335783e+01  -5.7071422e+01  -4.7374725e+01  -4.4226909e+01  -4.4768016e+01  -4.5333385e+01  -4.4869646e+01  -6.0305526e+01  -5.5228944e+01  -4.9677831e+01
   1.3600000e+02  -4.4926302e+01  -4.7516955e+01  -5.4423829e+01  -5.7858372e+01  -4.7852026e+01  -4.5041729e+01  -4.5015678e+01  -4.6190048e+01  -4.6217612e+01  -5.7359931e+01  -5.8213716e+01  -5.2297950e+01
   1.3700000e+02  -4.4588490e+01  -4.6177760e+01  -5.0878907e+01  -5.7440379e+01  -4.7888537e+01  -4.5387840e+01  -4.5985014e+01  -4.7517188e+01  -4.7858412e+01  -5.2413565e+01  -5.2419509e+01  -5.1365118e+01
   1.3800000e+02  -4.4588565e+01  -4.5413604e+01  -4.8690055e+01  -5.6537947e+01  -4.8009169e+01  -4.5560794e+01  -4.7838700e+01  -4.9765741e+01  -5.0025564e+01  -4.8785002e+01  -4.7962260e+01  -4.6816136e+01
   1.3900000e+02  -4.5154239e+01  -4.5355030e+01  -4.7499896e+01  -5.5970573e+01  -4.8599270e+01  -4.5840362e+01  -5.1310084e+01  -5.3780457e+01  -5.3672987e+01  -4.6546007e+01  -4.5803938e+01  -4.4433051e+01
   1.4000000e+02  -4.6432139e+01  -4.6161564e+01  -4.7184036e+01  -5.6301943e+01  -5.0058376e+01  -4.6520755e+01  -5.8960366e+01  -6.1550517e+01  -5.9827259e+01  -4.5624211e+01  -4.5275161e+01  -4.3622489e+01
   1.4100000e+02  -4.8543677e+01  -4.8184090e+01  -4.7700505e+01  -5.7850167e+01  -5.3052028e+01  -4.7964441e+01  -6.2317620e+01  -6.4018358e+01  -6.2415371e+01  -4.5640981e+01  -4.4964021e+01  -4.3374522e+01
   1.4200000e+02  -5.1559365e+01  -5.2420798e+01  -4.8859404e+01  -5.8879115e+01  -5.8297015e+01  -5.0706627e+01  -5.2588093e+01  -5.3320965e+01  -5.4116102e+01  -4.4887198e+01  -4.3872162e+01  -4.2734812e+01
   1.4300000e+02  -5.5365436e+01  -6.2001265e+01  -4.9561791e+01  -5.4817884e+01  -5.5839724e+01  -5.5166200e+01  -4.8854334e+01  -4.8793107e+01  -4.9306986e+01  -4.3450033e+01  -4.1940774e+01  -4.1365035e+01
   1.4400000e+02  -5.8729332e+01  -5.4115898e+01  -4.7986422e+01  -4.9898931e+01  -4.9712239e+01  -5.4826723e+01  -4.7467548e+01  -4.6650080e+01  -4.6621326e+01  -4.2697829e+01  -4.0213842e+01  -3.9975114e+01
   1.4500000e+02  -5.7012352e+01  -4.7832226e+01  -4.5120147e+01  -4.6213336e+01  -4.5908434e+01  -4.9557439e+01  -4.7722876e+01  -4.6337526e+01  -4.5998873e+01  -4.3246743e+01  -3.9367652e+01  -3.9266380e+01
   1.4600000e+02  -5.2719140e+01  -4.4513077e+01  -4.2593674e+01  -4.3596852e+01  -4.3531586e+01  -4.6087720e+01  -4.8724031e+01  -4.7459224e+01  -4.7125511e+01  -4.5006111e+01  -3.9584669e+01  -3.9417312e+01
   1.4700000e+02  -4.9401688e+01  -4.2660402e+01  -4.0793767e+01  -4.1838649e+01  -4.2125922e+01  -4.4112352e+01  -4.7115185e+01  -4.7470528e+01  -4.8029685e+01  -4.6614375e+01  -4.0855491e+01  -4.0017456e+01
   1.4800000e+02  -4.7266601e+01  -4.1823571e+01  -3.9718059e+01  -4.0828475e+01  -4.1498534e+01  -4.3220723e+01  -4.2990865e+01  -4.3657447e+01  -4.4527415e+01  -4.6550932e+01  -4.2973159e+01  -4.0032081e+01
   1.4900000e+02  -4.6196692e+01  -4.1861903e+01  -3.9334391e+01  -4.0532163e+01  -4.1582450e+01  -4.3211882e+01  -3.9475188e+01  -3.9748115e+01  -4.0309898e+01  -4.6995752e+01  -4.4945897e+01  -3.9114986e+01
   1.5000000e+02  -4.6182008e+01  -4.2796500e+01  -3.9649125e+01  -4.0981972e+01  -4.2393655e+01  -4.3939902e+01  -3.7094769e+01  -3.7091854e+01  -3.7439702e+01  -4.9576618e+01  -4.4065793e+01  -3.8117504e+01
   1.5100000e+02  -4.7354480e+01  -4.4818762e+01  -4.0728908e+01  -4.2295154e+01  -4.4029333e+01  -4.4959253e+01  -3.5749945e+01  -3.5620909e+01  -3.5857354e+01  -4.6082246e+01  -4.0391858e+01  -3.7290333e+01
   1.5200000e+02  -4.9827864e+01  -4.8462498e+01  -4.2739509e+01  -4.4751121e+01  -4.6693239e+01  -4.6247984e+01  -3.5374442e+01  -3.5250615e+01  -3.5454821e+01  -3.9793217e+01  -3.6743540e+01  -3.6034398e+01
   1.5300000e+02  -5.1495744e+01  -5.5177139e+01  -4.6063313e+01  -4.9088028e+01  -5.0664644e+01  -4.7561139e+01  -3.6007517e+01  -3.6041882e+01  -3.6303334e+01  -3.6000317e+01  -3.4079127e+01  -3.4243366e+01
   1.5400000e+02  -4.8181281e+01  -5.7565939e+01  -5.1759660e+01  -5.8498207e+01  -5.4883566e+01  -4.8246906e+01  -3.7847517e+01  -3.8303192e+01  -3.8791227e+01  -3.4116076e+01  -3.2543468e+01  -3.2714140e+01
   1.5500000e+02  -4.4425914e+01  -5.1110259e+01  -6.3132244e+01  -6.0753869e+01  -5.3823489e+01  -4.7869223e+01  -4.1460094e+01  -4.3030992e+01  -4.4348704e+01  -3.3790955e+01  -3.2160806e+01  -3.2112619e+01
   1.5600000e+02  -4.2025902e+01  -4.8159956e+01  -5.6584777e+01  -5.2368438e+01  -5.0878428e+01  -4.6867574e+01  -4.8933330e+01  -5.4089299e+01  -6.3016232e+01  -3.4892420e+01  -3.2946781e+01  -3.2783010e+01
   1.5700000e+02  -4.0849194e+01  -4.7204085e+01  -5.2405146e+01  -4.9860866e+01  -4.9099580e+01  -4.5985036e+01  -5.7039746e+01  -4.6851733e+01  -4.5055147e+01  -3.7005993e+01  -3.4765421e+01  -3.4962280e+01
   1.5800000e+02  -4.0786390e+01  -4.7683309e+01  -5.1464704e+01  -4.9445640e+01  -4.8319711e+01  -4.5699987e+01  -4.6601733e+01  -4.1655235e+01  -4.0512610e+01  -3.8093142e+01  -3.6660354e+01  -3.8281889e+01
   1.5900000e+02  -4.1922152e+01  -4.9463477e+01  -5.1983529e+01  -4.9959437e+01  -4.7941390e+01  -4.5967902e+01  -4.3608072e+01  -3.9849746e+01  -3.9143623e+01  -3.6894903e+01  -3.6957174e+01  -3.9153767e+01
   1.6000000e+02  -4.4708034e+01  -5.2029491e+01  -5.2131546e+01  -5.0003778e+01  -4.6745830e+01  -4.5620111e+01  -4.2822987e+01  -3.9635092e+01  -3.9505684e+01  -3.5981382e+01  -3.6650199e+01  -3.7412881e+01
   1.6100000e+02  -5.0210389e+01  -5.1791004e+01  -5.0304401e+01  -4.8698054e+01  -4.4113379e+01  -4.3206130e+01  -4.2485188e+01  -3.9848795e+01  -4.0502398e+01  -3.6680154e+01  -3.7781609e+01  -3.7186469e+01
   1.6200000e+02  -4.9176936e+01  -4.7715344e+01  -4.7679496e+01  -4.6880152e+01  -4.1068394e+01  -3.9886552e+01  -4.1246223e+01  -3.9206634e+01  -4.0031524e+01  -3.9082616e+01  -4.1589870e+01  -3.9541763e+01
   1.6300000e+02  -4.2258094e+01  -4.3608101e+01  -4.5178249e+01  -4.5071757e+01  -3.8408616e+01  -3.6979202e+01  -3.9316292e+01  -3.7750326e+01  -3.7961052e+01  -4.0488263e+01  -4.3902022e+01  -4.3068029e+01
   1.6400000e+02  -3.7962837e+01  -4.0305196e+01  -4.2817566e+01  -4.3154175e+01  -3.6301982e+01  -3.4753136e+01  -3.7506145e+01  -3.6514245e+01  -3.6184080e+01  -3.7669450e+01  -3.8107573e+01  -3.9136315e+01
   1.6500000e+02  -3.5114435e+01  -3.7723769e+01  -4.0623269e+01  -4.1169978e+01  -3.4713318e+01  -3.3158017e+01  -3.5994163e+01  -3.5901436e+01  -3.5344002e+01  -3.5113010e+01  -3.4642162e+01  -3.5110078e+01
   1.6600000e+02  -3.3135551e+01  -3.5741054e+01  -3.8571225e+01  -3.9069877e+01  -3.3584191e+01  -3.2105866e+01  -3.4700892e+01  -3.5506821e+01  -3.5141354e+01  -3.3956658e+01  -3.3273515e+01  -3.3198219e+01
   1.6700000e+02  -3.1800204e+01  -3.4291431e+01  -3.6800017e+01  -3.7171570e+01  -3.2861796e+01  -3.1521566e+01  -3.3664027e+01  -3.4802346e+01  -3.5187170e+01  -3.3798752e+01  -3.3200604e+01  -3.2659269e+01
   1.6800000e+02  -3.1034003e+01  -3.3343844e+01  -3.5493520e+01  -3.5878905e+01  -3.2376389e+01  -3.1260147e+01  -3.2999741e+01  -3.4186215e+01  -3.4780555e+01  -3.4434947e+01  -3.3969273e+01  -3.2541689e+01
   1.6900000e+02  -3.0824691e+01  -3.2888815e+01  -3.4695681e+01  -3.5216129e+01  -3.2209061e+01  -3.1188022e+01  -3.2795137e+01  -3.3904876e+01  -3.4544754e+01  -3.5192204e+01  -3.4659117e+01  -3.2513055e+01
   1.7000000e+02  -3.1190949e+01  -3.2939003e+01  -3.4337234e+01  -3.5207686e+01  -3.2504358e+01  -3.1545984e+01  -3.3103206e+01  -3.4061295e+01  -3.4664869e+01  -3.5998312e+01  -3.5542652e+01  -3.3132356e+01
   1.7100000e+02  -3.2172773e+01  -3.3530516e+01  -3.4550879e+01  -3.5893284e+01  -3.3353292e+01  -3.2410934e+01  -3.3988947e+01  -3.4751182e+01  -3.5268620e+01  -3.7183775e+01  -3.6964955e+01  -3.4569726e+01
   1.7200000e+02  -3.3821611e+01  -3.4725561e+01  -3.5398811e+01  -3.7263273e+01  -3.4844438e+01  -3.3871573e+01  -3.5571204e+01  -3.6130834e+01  -3.6531355e+01  -3.8848040e+01  -3.9204737e+01  -3.6975298e+01
   1.7300000e+02  -3.6144267e+01  -3.6622237e+01  -3.6930719e+01  -3.9538038e+01  -3.7088050e+01  -3.6044880e+01  -3.8059961e+01  -3.8467230e+01  -3.8738459e+01  -4.1182971e+01  -4.2832808e+01  -4.0325783e+01
   1.7400000e+02  -3.8834655e+01  -3.9369542e+01  -3.9208391e+01  -4.2862339e+01  -4.0209938e+01  -3.9093891e+01  -4.1835559e+01  -4.2240839e+01  -4.2389649e+01  -4.4494003e+01  -4.9211745e+01  -4.2862408e+01
   1.7500000e+02  -4.0687717e+01  -4.3137696e+01  -4.2211203e+01  -4.6866094e+01  -4.4086970e+01  -4.3102725e+01  -4.7744657e+01  -4.8541137e+01  -4.8592259e+01  -4.9215944e+01  -5.6888108e+01  -4.2613198e+01
   1.7600000e+02  -4.0737109e+01  -4.7590727e+01  -4.5379937e+01  -4.8835043e+01  -4.7017232e+01  -4.6846321e+01  -5.8749204e+01  -5.7528586e+01  -5.7317250e+01  -5.3377767e+01  -5.0395250e+01  -4.2403917e+01
   1.7700000e+02  -4.0269814e+01  -4.9868268e+01  -4.7049619e+01  -4.8102188e+01  -4.6954588e+01  -4.6960955e+01  -6.1339764e+01  -5.2752838e+01  -5.2423574e+01  -5.0251719e+01  -4.7468175e+01  -4.3837250e+01
   1.7800000e+02  -4.0496373e+01  -4.9256912e+01  -4.6999953e+01  -4.8063134e+01  -4.6454703e+01  -4.5661625e+01  -5.7391477e+01  -5.0441329e+01  -5.0146153e+01  -4.6738212e+01  -4.6272805e+01  -4.7116196e+01
   1.7900000e+02  -4.1856517e+01  -4.9277546e+01  -4.7040430e+01  -5.0041903e+01  -4.7261731e+01  -4.5390348e+01  -5.7814954e+01  -5.0844740e+01  -5.0735648e+01  -4.4335928e+01  -4.5168935e+01  -5.1934656e+01
   1.8000000e+02  -4.4670325e+01  -5.0945158e+01  -4.8001057e+01  -5.5352288e+01  -4.9570619e+01  -4.6262917e+01  -5.7105799e+01  -5.2589125e+01  -5.3100012e+01  -4.2414062e+01  -4.3763145e+01  -5.6569373e+01
