  -1.8000000e+02  -7.3143564e+01  -6.9351175e+01  -6.9633185e+01  -7.1181653e+01  -7.9386735e+01  -8.0392723e+01  -6.2820111e+01  -6.7012741e+01  -8.0331687e+01
  -1.7900000e+02  -7.7285187e+01  -7.1637190e+01  -6.9890069e+01  -7.0665789e+01  -7.7837941e+01  -7.8096338e+01  -6.2148623e+01  -6.5828524e+01  -7.4834013e+01
  -1.7800000e+02  -7.4801836e+01  -7.3695007e+01  -7.0051393e+01  -7.0380324e+01  -7.5733396e+01  -7.7340588e+01  -6.2762186e+01  -6.4914306e+01  -7.0271389e+01
  -1.7700000e+02  -7.1519267e+01  -7.5479519e+01  -7.0929476e+01  -7.0596569e+01  -7.4156828e+01  -7.7128994e+01  -6.3891331e+01  -6.4060224e+01  -6.7943468e+01
  -1.7600000e+02  -7.0322972e+01  -7.6838507e+01  -7.3220749e+01  -7.1438185e+01  -7.2744926e+01  -7.5744358e+01  -6.5165632e+01  -6.3586583e+01  -6.7810148e+01
  -1.7500000e+02  -7.1070613e+01  -7.5500813e+01  -7.7044212e+01  -7.3360762e+01  -7.1619226e+01  -7.4549041e+01  -6.6774011e+01  -6.3683179e+01  -6.9736108e+01
  -1.7400000e+02  -7.4442854e+01  -7.1824490e+01  -7.9630897e+01  -7.6580000e+01  -7.0858952e+01  -7.4182682e+01  -6.8671570e+01  -6.4742452e+01  -7.4709452e+01
  -1.7300000e+02  -8.3624110e+01  -6.8603122e+01  -7.7829320e+01  -7.6211067e+01  -7.0304009e+01  -7.3991256e+01  -7.0568574e+01  -6.7449867e+01  -7.7305185e+01
  -1.7200000e+02  -7.6013634e+01  -6.6300368e+01  -7.5554390e+01  -7.2585607e+01  -6.9868704e+01  -7.3796011e+01  -7.1436250e+01  -7.1778480e+01  -6.9622835e+01
  -1.7100000e+02  -6.9693937e+01  -6.4740809e+01  -7.4775558e+01  -7.0533480e+01  -6.9590110e+01  -7.3878131e+01  -7.0322800e+01  -7.2346271e+01  -6.6145015e+01
  -1.7000000e+02  -6.6563587e+01  -6.3859347e+01  -7.6773575e+01  -7.0074182e+01  -6.9820220e+01  -7.4986804e+01  -6.8279124e+01  -6.9223266e+01  -6.4990942e+01
  -1.6900000e+02  -6.4888059e+01  -6.3721444e+01  -8.5928385e+01  -7.0748836e+01  -7.1310625e+01  -7.8930097e+01  -6.5653697e+01  -6.6467067e+01  -6.4397355e+01
  -1.6800000e+02  -6.4044379e+01  -6.4376352e+01  -8.2553546e+01  -7.1951280e+01  -7.5259413e+01  -9.7438788e+01  -6.2523304e+01  -6.3698017e+01  -6.2583473e+01
  -1.6700000e+02  -6.3744753e+01  -6.5735368e+01  -7.4307226e+01  -7.2591203e+01  -8.1433575e+01  -8.0173096e+01  -5.9551059e+01  -6.1021095e+01  -6.0013534e+01
  -1.6600000e+02  -6.3870188e+01  -6.7513807e+01  -7.1011392e+01  -7.2140004e+01  -7.6489989e+01  -7.4718543e+01  -5.7224094e+01  -5.8853907e+01  -5.8084509e+01
  -1.6500000e+02  -6.4459149e+01  -6.9384940e+01  -6.9621959e+01  -7.1228767e+01  -7.2205347e+01  -7.2317828e+01  -5.5738917e+01  -5.7440532e+01  -5.7335840e+01
  -1.6400000e+02  -6.5735660e+01  -7.1521574e+01  -6.9240821e+01  -7.0022917e+01  -6.9722222e+01  -7.0973074e+01  -5.5170850e+01  -5.6878548e+01  -5.7856199e+01
  -1.6300000e+02  -6.8213334e+01  -7.4818775e+01  -6.9006989e+01  -6.8263090e+01  -6.7673594e+01  -6.9732588e+01  -5.5592560e+01  -5.7235390e+01  -5.9720658e+01
  -1.6200000e+02  -7.3312685e+01  -8.0194633e+01  -6.8392534e+01  -6.6153594e+01  -6.5541357e+01  -6.7806321e+01  -5.7114912e+01  -5.8605354e+01  -6.3376243e+01
  -1.6100000e+02  -8.1012787e+01  -8.0719109e+01  -6.7613187e+01  -6.4385893e+01  -6.3708066e+01  -6.5851660e+01  -5.9862233e+01  -6.1130552e+01  -7.0868713e+01
  -1.6000000e+02  -7.0389111e+01  -7.4883906e+01  -6.6920482e+01  -6.3573180e+01  -6.2831153e+01  -6.5061283e+01  -6.3843387e+01  -6.5003702e+01  -8.3002557e+01
  -1.5900000e+02  -6.4540957e+01  -7.0153716e+01  -6.6442303e+01  -6.4025049e+01  -6.3213567e+01  -6.5900038e+01  -6.7796815e+01  -7.0016233e+01  -7.0315505e+01
  -1.5800000e+02  -6.0705042e+01  -6.6300456e+01  -6.6309682e+01  -6.5840676e+01  -6.4780512e+01  -6.8362564e+01  -6.9166559e+01  -7.4709174e+01  -6.7905169e+01
  -1.5700000e+02  -5.7803051e+01  -6.3222898e+01  -6.6543216e+01  -6.9110177e+01  -6.7178104e+01  -7.2109236e+01  -7.0143890e+01  -8.0264644e+01  -6.7152152e+01
  -1.5600000e+02  -5.5496912e+01  -6.0882751e+01  -6.6997088e+01  -7.4386203e+01  -6.9867925e+01  -7.5990482e+01  -7.2012310e+01  -8.7391229e+01  -6.6294239e+01
  -1.5500000e+02  -5.3671526e+01  -5.9202697e+01  -6.7466444e+01  -8.2619570e+01  -7.2058767e+01  -7.7473564e+01  -7.3574130e+01  -7.8329599e+01  -6.5972312e+01
  -1.5400000e+02  -5.2274385e+01  -5.8094624e+01  -6.7864165e+01  -7.8551070e+01  -7.2473740e+01  -7.6165476e+01  -7.6208983e+01  -7.3564630e+01  -6.6109317e+01
  -1.5300000e+02  -5.1259140e+01  -5.7472631e+01  -6.8230381e+01  -7.4559237e+01  -7.1067817e+01  -7.3972350e+01  -8.9120305e+01  -6.9016916e+01  -6.4125288e+01
  -1.5200000e+02  -5.0573947e+01  -5.7239287e+01  -6.8541089e+01  -7.3647306e+01  -6.9028790e+01  -7.1270388e+01  -7.2680897e+01  -6.4514773e+01  -6.0603317e+01
  -1.5100000e+02  -5.0166422e+01  -5.7270656e+01  -6.8364466e+01  -7.3508598e+01  -6.6935471e+01  -6.8525369e+01  -6.5447768e+01  -6.1081383e+01  -5.8005753e+01
  -1.5000000e+02  -4.9989599e+01  -5.7424006e+01  -6.7104139e+01  -7.1624152e+01  -6.5299475e+01  -6.6539149e+01  -6.1540712e+01  -5.8837355e+01  -5.6806069e+01
  -1.4900000e+02  -5.0002972e+01  -5.7573042e+01  -6.5180290e+01  -6.9307659e+01  -6.4474469e+01  -6.5387011e+01  -5.9283771e+01  -5.7609013e+01  -5.7084640e+01
  -1.4800000e+02  -5.0170479e+01  -5.7657638e+01  -6.3496833e+01  -6.8142644e+01  -6.4208393e+01  -6.4375469e+01  -5.8045235e+01  -5.7237620e+01  -5.9081619e+01
  -1.4700000e+02  -5.0460650e+01  -5.7725070e+01  -6.2522465e+01  -6.7968832e+01  -6.3576616e+01  -6.2887630e+01  -5.7381051e+01  -5.7582743e+01  -6.2214861e+01
  -1.4600000e+02  -5.0851655e+01  -5.7932669e+01  -6.2445373e+01  -6.7352847e+01  -6.2096721e+01  -6.1268295e+01  -5.6898618e+01  -5.8506645e+01  -6.1068619e+01
  -1.4500000e+02  -5.1338190e+01  -5.8510772e+01  -6.3359558e+01  -6.5054571e+01  -6.0536979e+01  -6.0128843e+01  -5.6488271e+01  -6.0064233e+01  -5.7758683e+01
  -1.4400000e+02  -5.1933953e+01  -5.9747784e+01  -6.5004420e+01  -6.2308274e+01  -5.9655749e+01  -5.9798541e+01  -5.6464505e+01  -6.2932409e+01  -5.6200830e+01
  -1.4300000e+02  -5.2666302e+01  -6.2087901e+01  -6.5640475e+01  -6.0206856e+01  -5.9797485e+01  -6.0532867e+01  -5.7346333e+01  -6.8227768e+01  -5.6227394e+01
  -1.4200000e+02  -5.3565322e+01  -6.6602679e+01  -6.3804512e+01  -5.8927809e+01  -6.1205231e+01  -6.2833675e+01  -5.9542807e+01  -6.3110773e+01  -5.6137000e+01
  -1.4100000e+02  -5.4651437e+01  -7.9049007e+01  -6.1624154e+01  -5.8403379e+01  -6.3806373e+01  -6.7669731e+01  -6.0139954e+01  -5.5696174e+01  -5.3048263e+01
  -1.4000000e+02  -5.5921138e+01  -7.0966722e+01  -6.0341381e+01  -5.8580830e+01  -6.3938127e+01  -6.7895377e+01  -5.4819562e+01  -5.0775031e+01  -4.8867682e+01
  -1.3900000e+02  -5.7322073e+01  -6.4332848e+01  -6.0063461e+01  -5.9472246e+01  -5.9614091e+01  -6.1336044e+01  -4.9831924e+01  -4.7264280e+01  -4.5530479e+01
  -1.3800000e+02  -5.8708495e+01  -6.1476907e+01  -6.0678454e+01  -6.1103860e+01  -5.5810983e+01  -5.7318193e+01  -4.6264871e+01  -4.4713098e+01  -4.3186144e+01
  -1.3700000e+02  -5.9815085e+01  -6.0345442e+01  -6.1799920e+01  -6.3284125e+01  -5.3185652e+01  -5.4931164e+01  -4.3739442e+01  -4.2897053e+01  -4.1680089e+01
  -1.3600000e+02  -6.0391158e+01  -6.0436358e+01  -6.2049306e+01  -6.4981413e+01  -5.1431252e+01  -5.3553775e+01  -4.1971600e+01  -4.1674804e+01  -4.0870461e+01
  -1.3500000e+02  -6.0482865e+01  -6.1649588e+01  -6.0106568e+01  -6.4843262e+01  -5.0312687e+01  -5.2882623e+01  -4.0776189e+01  -4.0945606e+01  -4.0658021e+01
  -1.3400000e+02  -6.0434624e+01  -6.4065268e+01  -5.7325299e+01  -6.3814513e+01  -4.9681919e+01  -5.2746420e+01  -4.0028241e+01  -4.0632516e+01  -4.0981419e+01
  -1.3300000e+02  -6.0612151e+01  -6.7150374e+01  -5.4926139e+01  -6.3310931e+01  -4.9439550e+01  -5.3017422e+01  -3.9639356e+01  -4.0668284e+01  -4.1808006e+01
  -1.3200000e+02  -6.1283619e+01  -6.6615011e+01  -5.3114551e+01  -6.3883104e+01  -4.9500904e+01  -5.3545411e+01  -3.9540072e+01  -4.0980517e+01  -4.3127373e+01
  -1.3100000e+02  -6.2678946e+01  -6.2787515e+01  -5.1811586e+01  -6.5998371e+01  -4.9767856e+01  -5.4109264e+01  -3.9667565e+01  -4.1481006e+01  -4.4954636e+01
  -1.3000000e+02  -6.5061146e+01  -5.9619358e+01  -5.0905321e+01  -7.1136598e+01  -5.0112854e+01  -5.4440530e+01  -3.9961442e+01  -4.2065057e+01  -4.7348165e+01
  -1.2900000e+02  -6.8287466e+01  -5.7389932e+01  -5.0298167e+01  -9.6158702e+01  -5.0387542e+01  -5.4365559e+01  -4.0367711e+01  -4.2623810e+01  -5.0432513e+01
  -1.2800000e+02  -6.8423197e+01  -5.5842222e+01  -4.9911615e+01  -6.9738134e+01  -5.0461916e+01  -5.3920136e+01  -4.0846778e+01  -4.3067913e+01  -5.4300494e+01
  -1.2700000e+02  -6.4222814e+01  -5.4790322e+01  -4.9681965e+01  -6.3867367e+01  -5.0270801e+01  -5.3261365e+01  -4.1379424e+01  -4.3352709e+01  -5.7773500e+01
  -1.2600000e+02  -6.0438215e+01  -5.4121081e+01  -4.9555139e+01  -6.0639056e+01  -4.9826103e+01  -5.2523400e+01  -4.1966215e+01  -4.3486916e+01  -5.7089945e+01
  -1.2500000e+02  -5.7593024e+01  -5.3767795e+01  -4.9484141e+01  -5.8564283e+01  -4.9188895e+01  -5.1777374e+01  -4.2619813e+01  -4.3515883e+01  -5.4495447e+01
  -1.2400000e+02  -5.5415214e+01  -5.3693573e+01  -4.9430199e+01  -5.7099592e+01  -4.8434535e+01  -5.1054196e+01  -4.3353932e+01  -4.3493867e+01  -5.2579954e+01
  -1.2300000e+02  -5.3706488e+01  -5.3882531e+01  -4.9366054e+01  -5.5944641e+01  -4.7632160e+01  -5.0365568e+01  -4.4174124e+01  -4.3465071e+01  -5.1449807e+01
  -1.2200000e+02  -5.2345986e+01  -5.4336013e+01  -4.9278305e+01  -5.4911055e+01  -4.6835626e+01  -4.9708045e+01  -4.5072909e+01  -4.3457291e+01  -5.0874711e+01
  -1.2100000e+02  -5.1258166e+01  -5.5072081e+01  -4.9166267e+01  -5.3898252e+01  -4.6078994e+01  -4.9058240e+01  -4.6027063e+01  -4.3481452e+01  -5.0604294e+01
  -1.2000000e+02  -5.0393662e+01  -5.6127796e+01  -4.9037129e+01  -5.2881222e+01  -4.5374658e+01  -4.8371437e+01  -4.6992364e+01  -4.3532586e+01  -5.0379373e+01
  -1.1900000e+02  -4.9718750e+01  -5.7565708e+01  -4.8899635e+01  -5.1881973e+01  -4.4714816e+01  -4.7593289e+01  -4.7895299e+01  -4.3592931e+01  -4.9994195e+01
  -1.1800000e+02  -4.9209172e+01  -5.9489187e+01  -4.8758960e+01  -5.0934348e+01  -4.4077000e+01  -4.6685015e+01  -4.8634582e+01  -4.3639011e+01  -4.9393254e+01
  -1.1700000e+02  -4.8846151e+01  -6.2078018e+01  -4.8614132e+01  -5.0060333e+01  -4.3433454e+01  -4.5646997e+01  -4.9115566e+01  -4.3651778e+01  -4.8666873e+01
  -1.1600000e+02  -4.8613608e+01  -6.5667482e+01  -4.8457706e+01  -4.9262371e+01  -4.2762133e+01  -4.4520865e+01  -4.9312223e+01  -4.3625068e+01  -4.7943006e+01
  -1.1500000e+02  -4.8496160e+01  -7.0757938e+01  -4.8276822e+01  -4.8526090e+01  -4.2055164e+01  -4.3369396e+01  -4.9294448e+01  -4.3567313e+01  -4.7308370e+01
  -1.1400000e+02  -4.8477758e+01  -7.4375074e+01  -4.8055156e+01  -4.7827565e+01  -4.1320937e+01  -4.2252789e+01  -4.9183016e+01  -4.3496036e+01  -4.6799644e+01
  -1.1300000e+02  -4.8540893e+01  -7.0426021e+01  -4.7775888e+01  -4.7141666e+01  -4.0579615e+01  -4.1215592e+01  -4.9084967e+01  -4.3429683e+01  -4.6423376e+01
  -1.1200000e+02  -4.8666374e+01  -6.6884320e+01  -4.7425729e+01  -4.6449340e+01  -3.9855624e+01  -4.0284545e+01  -4.9063669e+01  -4.3381703e+01  -4.6174383e+01
  -1.1100000e+02  -4.8833681e+01  -6.4597740e+01  -4.6999035e+01  -4.5741989e+01  -3.9171154e+01  -3.9471757e+01  -4.9140882e+01  -4.3358589e+01  -4.6045595e+01
  -1.1000000e+02  -4.9021882e+01  -6.2989224e+01  -4.6500182e+01  -4.5021880e+01  -3.8542577e+01  -3.8778961e+01  -4.9309407e+01  -4.3360802e+01  -4.6031084e+01
  -1.0900000e+02  -4.9211037e+01  -6.1678882e+01  -4.5942811e+01  -4.4299196e+01  -3.7979516e+01  -3.8201092e+01  -4.9544978e+01  -4.3384742e+01  -4.6125445e+01
  -1.0800000e+02  -4.9383845e+01  -6.0424619e+01  -4.5346305e+01  -4.3587604e+01  -3.7485504e+01  -3.7728895e+01  -4.9815063e+01  -4.3424484e+01  -4.6322011e+01
  -1.0700000e+02  -4.9527162e+01  -5.9100300e+01  -4.4731332e+01  -4.2900303e+01  -3.7059258e+01  -3.7350696e+01  -5.0085183e+01  -4.3472847e+01  -4.6611341e+01
  -1.0600000e+02  -4.9632942e+01  -5.7686313e+01  -4.4116261e+01  -4.2247572e+01  -3.6696028e+01  -3.7053597e+01  -5.0323530e+01  -4.3521910e+01  -4.6980468e+01
  -1.0500000e+02  -4.9698320e+01  -5.6229879e+01  -4.3515268e+01  -4.1635841e+01  -3.6388783e+01  -3.6824257e+01  -5.0504296e+01  -4.3563324e+01  -4.7412925e+01
  -1.0400000e+02  -4.9724830e+01  -5.4794102e+01  -4.2937928e+01  -4.1067827e+01  -3.6129140e+01  -3.6649419e+01  -5.0609804e+01  -4.3588665e+01  -4.7889370e+01
  -1.0300000e+02  -4.9717052e+01  -5.3427557e+01  -4.2389719e+01  -4.0543188e+01  -3.5908084e+01  -3.6516260e+01  -5.0631350e+01  -4.3589935e+01  -4.8388668e+01
  -1.0200000e+02  -4.9681118e+01  -5.2157593e+01  -4.1872894e+01  -4.0059348e+01  -3.5716480e+01  -3.6412621e+01  -5.0568711e+01  -4.3560139e+01  -4.8889275e+01
  -1.0100000e+02  -4.9623437e+01  -5.0994884e+01  -4.1387383e+01  -3.9612267e+01  -3.5545455e+01  -3.6327171e+01  -5.0428422e+01  -4.3493810e+01  -4.9370739e+01
  -1.0000000e+02  -4.9549820e+01  -4.9939820e+01  -4.0931574e+01  -3.9197086e+01  -3.5386655e+01  -3.6249527e+01  -5.0221298e+01  -4.3387328e+01  -4.9815073e+01
  -9.9000000e+01  -4.9465036e+01  -4.8987403e+01  -4.0502938e+01  -3.8808622e+01  -3.5232428e+01  -3.6170344e+01  -4.9959881e+01  -4.3238992e+01  -5.0207647e+01
  -9.8000000e+01  -4.9372700e+01  -4.8130315e+01  -4.0098491e+01  -3.8441735e+01  -3.5075944e+01  -3.6081383e+01  -4.9656375e+01  -4.3048817e+01  -5.0537382e+01
  -9.7000000e+01  -4.9275394e+01  -4.7360668e+01  -3.9715131e+01  -3.8091587e+01  -3.4911280e+01  -3.5975568e+01  -4.9321372e+01  -4.2818166e+01  -5.0796200e+01
  -9.6000000e+01  -4.9174894e+01  -4.6670929e+01  -3.9349885e+01  -3.7753818e+01  -3.4733462e+01  -3.5847020e+01  -4.8963318e+01  -4.2549285e+01  -5.0977929e+01
  -9.5000000e+01  -4.9072448e+01  -4.6054373e+01  -3.9000066e+01  -3.7424669e+01  -3.4538491e+01  -3.5691077e+01  -4.8588524e+01  -4.2244874e+01  -5.1077071e+01
  -9.4000000e+01  -4.8969031e+01  -4.5505281e+01  -3.8663390e+01  -3.7101058e+01  -3.4323348e+01  -3.5504289e+01  -4.8201471e+01  -4.1907724e+01  -5.1087789e+01
  -9.3000000e+01  -4.8865574e+01  -4.5019002e+01  -3.8338041e+01  -3.6780633e+01  -3.4085978e+01  -3.5284396e+01  -4.7805220e+01  -4.1540479e+01  -5.1003425e+01
  -9.2000000e+01  -4.8763151e+01  -4.4591943e+01  -3.8022709e+01  -3.6461799e+01  -3.3825270e+01  -3.5030288e+01  -4.7401807e+01  -4.1145510e+01  -5.0816636e+01
  -9.1000000e+01  -4.8663123e+01  -4.4221531e+01  -3.7716599e+01  -3.6143740e+01  -3.3541022e+01  -3.4741943e+01  -4.6992542e+01  -4.0724887e+01  -5.0520133e+01
  -9.0000000e+01  -4.8567275e+01  -4.3906162e+01  -3.7419428e+01  -3.5826425e+01  -3.3233900e+01  -3.4420369e+01  -4.6578218e+01  -4.0280427e+01  -5.0107844e+01
  -8.9000000e+01  -4.8477942e+01  -4.3645139e+01  -3.7131393e+01  -3.5510609e+01  -3.2905391e+01  -3.4067523e+01  -4.6159211e+01  -3.9813802e+01  -4.9576264e+01
  -8.8000000e+01  -4.8398163e+01  -4.3438621e+01  -3.6853135e+01  -3.5197823e+01  -3.2557762e+01  -3.3686243e+01  -4.5735496e+01  -3.9326672e+01  -4.8925676e+01
  -8.7000000e+01  -4.8331869e+01  -4.3287569e+01  -3.6585678e+01  -3.4890366e+01  -3.2194002e+01  -3.3280179e+01  -4.5306609e+01  -3.8820844e+01  -4.8160978e+01
  -8.6000000e+01  -4.8284123e+01  -4.3193687e+01  -3.6330350e+01  -3.4591271e+01  -3.1817779e+01  -3.2853720e+01  -4.4871586e+01  -3.8298441e+01  -4.7291916e+01
  -8.5000000e+01  -4.8261425e+01  -4.3159376e+01  -3.6088684e+01  -3.4304277e+01  -3.1433384e+01  -3.2411936e+01  -4.4428926e+01  -3.7762059e+01  -4.6332728e+01
  -8.4000000e+01  -4.8272076e+01  -4.3187678e+01  -3.5862291e+01  -3.4033769e+01  -3.1045670e+01  -3.1960514e+01  -4.3976644e+01  -3.7214918e+01  -4.5301294e+01
  -8.3000000e+01  -4.8326617e+01  -4.3282228e+01  -3.5652707e+01  -3.3784697e+01  -3.0659993e+01  -3.1505693e+01  -4.3512451e+01  -3.6660969e+01  -4.4218031e+01
  -8.2000000e+01  -4.8438361e+01  -4.3447223e+01  -3.5461208e+01  -3.3562468e+01  -3.0282126e+01  -3.1054194e+01  -4.3034123e+01  -3.6104959e+01  -4.3104728e+01
  -8.1000000e+01  -4.8624034e+01  -4.3687411e+01  -3.5288594e+01  -3.3372783e+01  -2.9918166e+01  -3.0613137e+01  -4.2540065e+01  -3.5552417e+01  -4.1983498e+01
  -8.0000000e+01  -4.8904618e+01  -4.4008156e+01  -3.5134963e+01  -3.3221413e+01  -2.9574412e+01  -3.0189933e+01  -4.2030020e+01  -3.5009558e+01  -4.0875912e+01
  -7.9000000e+01  -4.9306463e+01  -4.4415601e+01  -3.4999485e+01  -3.3113891e+01  -2.9257206e+01  -2.9792159e+01  -4.1505833e+01  -3.4483085e+01  -3.9802316e+01
  -7.8000000e+01  -4.9862761e+01  -4.4917026e+01  -3.4880238e+01  -3.3055088e+01  -2.8972746e+01  -2.9427395e+01  -4.0972102e+01  -3.3979881e+01  -3.8781288e+01
  -7.7000000e+01  -5.0615203e+01  -4.5521430e+01  -3.4774153e+01  -3.3048658e+01  -2.8726843e+01  -2.9103023e+01  -4.0436551e+01  -3.3506604e+01  -3.7829157e+01
  -7.6000000e+01  -5.1614374e+01  -4.6240291e+01  -3.4677178e+01  -3.3096340e+01  -2.8524649e+01  -2.8826001e+01  -3.9909970e+01  -3.3069174e+01  -3.6959498e+01
  -7.5000000e+01  -5.2911709e+01  -4.7087998e+01  -3.4584739e+01  -3.3197160e+01  -2.8370359e+01  -2.8602606e+01  -3.9405633e+01  -3.2672177e+01  -3.6182521e+01
  -7.4000000e+01  -5.4510994e+01  -4.8080002e+01  -3.4492543e+01  -3.3346654e+01  -2.8266930e+01  -2.8438212e+01  -3.8938102e+01  -3.2318200e+01  -3.5504292e+01
  -7.3000000e+01  -5.6160925e+01  -4.9222314e+01  -3.4397661e+01  -3.3536408e+01  -2.8215910e+01  -2.8337151e+01  -3.8521350e+01  -3.2007126e+01  -3.4925792e+01
  -7.2000000e+01  -5.6889326e+01  -5.0473260e+01  -3.4299692e+01  -3.3754347e+01  -2.8217504e+01  -2.8302812e+01  -3.8166160e+01  -3.1735547e+01  -3.4441978e+01
  -7.1000000e+01  -5.5646571e+01  -5.1634875e+01  -3.4201628e+01  -3.3986236e+01  -2.8271061e+01  -2.8338167e+01  -3.7876868e+01  -3.1496549e+01  -3.4041377e+01
  -7.0000000e+01  -5.3215469e+01  -5.2187701e+01  -3.4110050e+01  -3.4218494e+01  -2.8376154e+01  -2.8446946e+01  -3.7647911e+01  -3.1280376e+01  -3.3707266e+01
  -6.9000000e+01  -5.0703370e+01  -5.1518718e+01  -3.4034386e+01  -3.4441446e+01  -2.8534279e+01  -2.8635675e+01  -3.7461482e+01  -3.1076542e+01  -3.3421950e+01
  -6.8000000e+01  -4.8450806e+01  -4.9748557e+01  -3.3985217e+01  -3.4651078e+01  -2.8750927e+01  -2.8916587e+01  -3.7288696e+01  -3.0877510e+01  -3.3175037e+01
  -6.7000000e+01  -4.6473149e+01  -4.7548997e+01  -3.3971850e+01  -3.4847248e+01  -2.9037292e+01  -2.9311120e+01  -3.7096782e+01  -3.0682970e+01  -3.2974181e+01
  -6.6000000e+01  -4.4723999e+01  -4.5360147e+01  -3.3999485e+01  -3.5028076e+01  -2.9410448e+01  -2.9853388e+01  -3.6861594e+01  -3.0502350e+01  -3.2853581e+01
  -6.5000000e+01  -4.3163316e+01  -4.3327604e+01  -3.4066352e+01  -3.5183721e+01  -2.9890420e+01  -3.0592567e+01  -3.6578142e+01  -3.0352964e+01  -3.2875333e+01
  -6.4000000e+01  -4.1770986e+01  -4.1471411e+01  -3.4161248e+01  -3.5296150e+01  -3.0491963e+01  -3.1591830e+01  -3.6258342e+01  -3.0252690e+01  -3.3122987e+01
  -6.3000000e+01  -4.0546845e+01  -3.9775359e+01  -3.4262042e+01  -3.5351814e+01  -3.1207809e+01  -3.2914817e+01  -3.5911088e+01  -3.0208248e+01  -3.3690407e+01
  -6.2000000e+01  -3.9507143e+01  -3.8218994e+01  -3.4335940e+01  -3.5366153e+01  -3.1980476e+01  -3.4562415e+01  -3.5510045e+01  -3.0201688e+01  -3.4665226e+01
  -6.1000000e+01  -3.8680805e+01  -3.6788308e+01  -3.4342218e+01  -3.5405192e+01  -3.2672132e+01  -3.6241138e+01  -3.4964842e+01  -3.0179802e+01  -3.6088845e+01
  -6.0000000e+01  -3.8107416e+01  -3.5478794e+01  -3.4237606e+01  -3.5588642e+01  -3.3083071e+01  -3.6985028e+01  -3.4131039e+01  -3.0056108e+01  -3.7836231e+01
  -5.9000000e+01  -3.7838333e+01  -3.4295198e+01  -3.3983842e+01  -3.6079803e+01  -3.3082404e+01  -3.6044548e+01  -3.2898204e+01  -2.9737552e+01  -3.9384515e+01
  -5.8000000e+01  -3.7942544e+01  -3.3249672e+01  -3.3556664e+01  -3.7085107e+01  -3.2743238e+01  -3.4313422e+01  -3.1297519e+01  -2.9170419e+01  -4.0022419e+01
  -5.7000000e+01  -3.8521087e+01  -3.2359524e+01  -3.2954948e+01  -3.8877572e+01  -3.2269728e+01  -3.2767058e+01  -2.9485113e+01  -2.8366473e+01  -3.9994457e+01
  -5.6000000e+01  -3.9741557e+01  -3.1645355e+01  -3.2206240e+01  -4.1744147e+01  -3.1810793e+01  -3.1711357e+01  -2.7624114e+01  -2.7379402e+01  -4.0320829e+01
  -5.5000000e+01  -4.1934194e+01  -3.1129988e+01  -3.1363592e+01  -4.4448721e+01  -3.1360063e+01  -3.1161723e+01  -2.5810404e+01  -2.6258455e+01  -4.1767754e+01
  -5.4000000e+01  -4.5956196e+01  -3.0838243e+01  -3.0493173e+01  -4.1914292e+01  -3.0757221e+01  -3.1026675e+01  -2.4072796e+01  -2.5023461e+01  -4.3473263e+01
  -5.3000000e+01  -5.6094661e+01  -3.0797629e+01  -2.9659424e+01  -3.7720505e+01  -2.9795186e+01  -3.1098366e+01  -2.2403131e+01  -2.3672509e+01  -3.9430595e+01
  -5.2000000e+01  -5.3169069e+01  -3.1040363e+01  -2.8915765e+01  -3.4592770e+01  -2.8414094e+01  -3.0982699e+01  -2.0787500e+01  -2.2207674e+01  -3.3289363e+01
  -5.1000000e+01  -4.4535605e+01  -3.1607610e+01  -2.8303709e+01  -3.2406824e+01  -2.6768606e+01  -3.0214544e+01  -1.9228561e+01  -2.0658147e+01  -2.8295067e+01
  -5.0000000e+01  -4.0564726e+01  -3.2556545e+01  -2.7857961e+01  -3.0937900e+01  -2.5086821e+01  -2.8718729e+01  -1.7754363e+01  -1.9085650e+01  -2.4275025e+01
  -4.9000000e+01  -3.8243490e+01  -3.3966111e+01  -2.7612560e+01  -3.0079354e+01  -2.3544947e+01  -2.6903774e+01  -1.6413791e+01  -1.7571480e+01  -2.0992085e+01
  -4.8000000e+01  -3.6871326e+01  -3.5908197e+01  -2.7602466e+01  -2.9814922e+01  -2.2251968e+01  -2.5198498e+01  -1.5265211e+01  -1.6197709e+01  -1.8320615e+01
  -4.7000000e+01  -3.6175813e+01  -3.8194688e+01  -2.7854453e+01  -3.0192662e+01  -2.1274311e+01  -2.3840635e+01  -1.4367382e+01  -1.5035605e+01  -1.6192762e+01
  -4.6000000e+01  -3.6018585e+01  -3.9451360e+01  -2.8358884e+01  -3.1295221e+01  -2.0653843e+01  -2.2937474e+01  -1.3778198e+01  -1.4145710e+01  -1.4572383e+01
  -4.5000000e+01  -3.6283752e+01  -3.8072859e+01  -2.9013362e+01  -3.3118119e+01  -2.0413923e+01  -2.2539036e+01  -1.3561545e+01  -1.3586346e+01  -1.3449830e+01
  -4.4000000e+01  -3.6765682e+01  -3.5738985e+01  -2.9563010e+01  -3.4957384e+01  -2.0557641e+01  -2.2673023e+01  -1.3799925e+01  -1.3424829e+01  -1.2845874e+01
  -4.3000000e+01  -3.7035848e+01  -3.3914712e+01  -2.9681820e+01  -3.4711670e+01  -2.1058950e+01  -2.3353982e+01  -1.4612041e+01  -1.3747722e+01  -1.2818777e+01
  -4.2000000e+01  -3.6552489e+01  -3.2822219e+01  -2.9283888e+01  -3.2535115e+01  -2.1841099e+01  -2.4556617e+01  -1.6181013e+01  -1.4671535e+01  -1.3475056e+01
  -4.1000000e+01  -3.5221331e+01  -3.2322823e+01  -2.8617707e+01  -3.0527686e+01  -2.2733953e+01  -2.6072679e+01  -1.8809216e+01  -1.6362752e+01  -1.4994195e+01
  -4.0000000e+01  -3.3437622e+01  -3.2104598e+01  -2.7949591e+01  -2.9380432e+01  -2.3436295e+01  -2.7143980e+01  -2.2956728e+01  -1.9089814e+01  -1.7697925e+01
  -3.9000000e+01  -3.1495547e+01  -3.1746404e+01  -2.7362191e+01  -2.9228223e+01  -2.3621458e+01  -2.6727399e+01  -2.7489377e+01  -2.3357285e+01  -2.2254034e+01
  -3.8000000e+01  -2.9435469e+01  -3.1068539e+01  -2.6805506e+01  -3.0269891e+01  -2.3236465e+01  -2.5220550e+01  -2.5367816e+01  -2.9749421e+01  -2.9775838e+01
  -3.7000000e+01  -2.7225994e+01  -3.0423441e+01  -2.6245202e+01  -3.3090081e+01  -2.2547434e+01  -2.3754429e+01  -2.2114225e+01  -3.0644607e+01  -3.0634766e+01
  -3.6000000e+01  -2.4905356e+01  -3.0457533e+01  -2.5795827e+01  -3.9984569e+01  -2.1810116e+01  -2.2807192e+01  -2.0451769e+01  -2.6047287e+01  -2.7841689e+01
  -3.5000000e+01  -2.2585368e+01  -3.2072301e+01  -2.5759830e+01  -4.8607025e+01  -2.1084460e+01  -2.2399816e+01  -1.9824363e+01  -2.2831508e+01  -3.0486609e+01
  -3.4000000e+01  -2.0388166e+01  -3.8077185e+01  -2.6654626e+01  -3.5799161e+01  -2.0318368e+01  -2.2339652e+01  -1.9517489e+01  -1.9989317e+01  -3.8271174e+01
  -3.3000000e+01  -1.8405450e+01  -4.0672333e+01  -2.9593312e+01  -3.2068264e+01  -1.9528404e+01  -2.2325086e+01  -1.8826334e+01  -1.7202988e+01  -2.3493013e+01
  -3.2000000e+01  -1.6694158e+01  -2.7887048e+01  -3.9506951e+01  -3.0574434e+01  -1.8891629e+01  -2.2191442e+01  -1.7686769e+01  -1.4762046e+01  -1.7414251e+01
  -3.1000000e+01  -1.5286805e+01  -2.1893458e+01  -3.0496748e+01  -2.8657027e+01  -1.8698988e+01  -2.2197028e+01  -1.6688644e+01  -1.2919617e+01  -1.4035183e+01
  -3.0000000e+01  -1.4202793e+01  -1.7900751e+01  -2.2218948e+01  -2.4612692e+01  -1.9331729e+01  -2.3003391e+01  -1.6340894e+01  -1.1758570e+01  -1.2200372e+01
  -2.9000000e+01  -1.3457496e+01  -1.5003360e+01  -1.7466432e+01  -2.0174700e+01  -2.1459541e+01  -2.5854153e+01  -1.6870916e+01  -1.1263376e+01  -1.1477046e+01
  -2.8000000e+01  -1.3068977e+01  -1.2866349e+01  -1.4257452e+01  -1.6487840e+01  -2.7296707e+01  -3.6534770e+01  -1.8264156e+01  -1.1362620e+01  -1.1589167e+01
  -2.7000000e+01  -1.3062208e+01  -1.1334625e+01  -1.2035289e+01  -1.3658841e+01  -3.6124154e+01  -2.7343191e+01  -1.9971475e+01  -1.1915906e+01  -1.2207001e+01
  -2.6000000e+01  -1.3470530e+01  -1.0332312e+01  -1.0578938e+01  -1.1603427e+01  -2.1133917e+01  -1.8855409e+01  -2.0522838e+01  -1.2646005e+01  -1.2852408e+01
  -2.5000000e+01  -1.4334745e+01  -9.8269308e+00  -9.7934430e+00  -1.0248700e+01  -1.5614055e+01  -1.4206492e+01  -1.9391041e+01  -1.3073323e+01  -1.3109725e+01
  -2.4000000e+01  -1.5700686e+01  -9.8146077e+00  -9.6517453e+00  -9.5602320e+00  -1.2422575e+01  -1.1205144e+01  -1.7649290e+01  -1.2736831e+01  -1.2977878e+01
  -2.3000000e+01  -1.7613844e+01  -1.0314662e+01  -1.0183629e+01  -9.5451159e+00  -1.0534152e+01  -9.2767132e+00  -1.5692630e+01  -1.1711012e+01  -1.2650430e+01
  -2.2000000e+01  -2.0096107e+01  -1.1369197e+01  -1.1491585e+01  -1.0256698e+01  -9.6225274e+00  -8.2027548e+00  -1.3589176e+01  -1.0514022e+01  -1.2159966e+01
  -2.1000000e+01  -2.3032382e+01  -1.3043402e+01  -1.3801560e+01  -1.1813625e+01  -9.5746528e+00  -7.8964383e+00  -1.1669598e+01  -9.5990683e+00  -1.1548320e+01
  -2.0000000e+01  -2.5762666e+01  -1.5415998e+01  -1.7587930e+01  -1.4466673e+01  -1.0386990e+01  -8.3466787e+00  -1.0297592e+01  -9.2302426e+00  -1.1105875e+01
  -1.9000000e+01  -2.6822439e+01  -1.8523600e+01  -2.3483808e+01  -1.8848153e+01  -1.2163486e+01  -9.6201643e+00  -9.6838503e+00  -9.5591642e+00  -1.1220744e+01
  -1.8000000e+01  -2.5948606e+01  -2.2141772e+01  -2.4935014e+01  -2.7440150e+01  -1.5172902e+01  -1.1906018e+01  -9.9203948e+00  -1.0656333e+01  -1.2117355e+01
  -1.7000000e+01  -2.4327501e+01  -2.5325856e+01  -2.0637176e+01  -3.5211978e+01  -1.9748823e+01  -1.5632204e+01  -1.1035433e+01  -1.2424910e+01  -1.3521063e+01
  -1.6000000e+01  -2.2572802e+01  -2.6740676e+01  -1.8520671e+01  -2.5140116e+01  -2.2772450e+01  -2.1595197e+01  -1.3000251e+01  -1.4373042e+01  -1.4114229e+01
  -1.5000000e+01  -2.0935929e+01  -2.5731334e+01  -1.8250162e+01  -2.3420643e+01  -1.9663291e+01  -2.5617439e+01  -1.5713613e+01  -1.5838513e+01  -1.3166514e+01
  -1.4000000e+01  -1.9629179e+01  -2.2750899e+01  -1.9625661e+01  -2.5435119e+01  -1.7270423e+01  -2.1781608e+01  -1.9161509e+01  -1.7314520e+01  -1.2197202e+01
  -1.3000000e+01  -1.8797721e+01  -1.9518066e+01  -2.3075707e+01  -2.9580805e+01  -1.6648179e+01  -2.0189321e+01  -2.4159623e+01  -2.0454025e+01  -1.2288269e+01
  -1.2000000e+01  -1.8495843e+01  -1.6940733e+01  -2.9180613e+01  -2.3362370e+01  -1.7522594e+01  -2.1030354e+01  -3.0813061e+01  -2.4610058e+01  -1.3682381e+01
  -1.1000000e+01  -1.8690781e+01  -1.5168856e+01  -2.6914492e+01  -1.7982922e+01  -1.9713420e+01  -2.3849256e+01  -2.4078722e+01  -1.8847120e+01  -1.6110476e+01
  -1.0000000e+01  -1.9225038e+01  -1.4174865e+01  -2.2123952e+01  -1.4977499e+01  -2.2541212e+01  -2.5662493e+01  -1.9571616e+01  -1.4002897e+01  -1.8114962e+01
  -9.0000000e+00  -1.9732335e+01  -1.3929253e+01  -2.0085211e+01  -1.3484937e+01  -2.3708116e+01  -2.2960056e+01  -1.8086956e+01  -1.1519548e+01  -1.8281164e+01
  -8.0000000e+00  -1.9732916e+01  -1.4434578e+01  -1.9989707e+01  -1.3173891e+01  -2.3125869e+01  -2.0780039e+01  -1.9245238e+01  -1.0680502e+01  -1.8433153e+01
  -7.0000000e+00  -1.9127588e+01  -1.5735769e+01  -2.1689984e+01  -1.3955777e+01  -2.3468703e+01  -2.0529259e+01  -2.4698745e+01  -1.1237704e+01  -2.0342290e+01
  -6.0000000e+00  -1.8307540e+01  -1.7924564e+01  -2.5332132e+01  -1.5841302e+01  -2.6052290e+01  -2.2333994e+01  -2.9307859e+01  -1.3130418e+01  -2.5414597e+01
  -5.0000000e+00  -1.7620589e+01  -2.1041362e+01  -2.7474151e+01  -1.8660095e+01  -3.0530835e+01  -2.6236691e+01  -1.8805645e+01  -1.5960423e+01  -4.0449720e+01
  -4.0000000e+00  -1.7128414e+01  -2.4105116e+01  -2.3774631e+01  -2.0896829e+01  -2.7001952e+01  -2.6559753e+01  -1.4609358e+01  -1.7202024e+01  -3.0408135e+01
  -3.0000000e+00  -1.6683586e+01  -2.3612426e+01  -2.1118427e+01  -2.0361374e+01  -2.2447221e+01  -2.2127938e+01  -1.2877815e+01  -1.5326691e+01  -2.5107286e+01
  -2.0000000e+00  -1.6068577e+01  -2.0663628e+01  -2.0347301e+01  -1.9094800e+01  -2.0315231e+01  -1.9547632e+01  -1.2741951e+01  -1.3404935e+01  -2.1672350e+01
  -1.0000000e+00  -1.5157262e+01  -1.7921115e+01  -2.0891901e+01  -1.8824927e+01  -2.0034706e+01  -1.8891204e+01  -1.3966640e+01  -1.2494262e+01  -1.8903312e+01
   0.0000000e+00  -1.3988631e+01  -1.5664874e+01  -2.1491207e+01  -1.9679930e+01  -2.1431828e+01  -1.9972446e+01  -1.6538100e+01  -1.2551034e+01  -1.7444942e+01
   1.0000000e+00  -1.2664487e+01  -1.3785113e+01  -2.0319882e+01  -2.1050589e+01  -2.4382262e+01  -2.2909243e+01  -2.0214032e+01  -1.3382958e+01  -1.7824066e+01
   2.0000000e+00  -1.1227053e+01  -1.2160959e+01  -1.8007395e+01  -2.1510480e+01  -2.6507121e+01  -2.6884616e+01  -2.2381697e+01  -1.4590154e+01  -2.0845756e+01
   3.0000000e+00  -9.6616908e+00  -1.0626686e+01  -1.5850327e+01  -2.0275428e+01  -2.3330965e+01  -2.4875555e+01  -2.0505929e+01  -1.5358434e+01  -3.0049869e+01
   4.0000000e+00  -7.9776773e+00  -9.0079849e+00  -1.3817253e+01  -1.7764763e+01  -1.8589516e+01  -1.9646525e+01  -1.7875486e+01  -1.5043332e+01  -3.1822229e+01
   5.0000000e+00  -6.2511249e+00  -7.2449496e+00  -1.1441959e+01  -1.4313181e+01  -1.4069426e+01  -1.4951732e+01  -1.5172351e+01  -1.3845860e+01  -2.5772999e+01
   6.0000000e+00  -4.5949983e+00  -5.4372744e+00  -8.7204865e+00  -1.0619290e+01  -1.0067399e+01  -1.0834063e+01  -1.2009999e+01  -1.1798205e+01  -2.4954293e+01
   7.0000000e+00  -3.1130642e+00  -3.7466455e+00  -6.0766566e+00  -7.3158243e+00  -6.7438362e+00  -7.3734763e+00  -8.6492780e+00  -8.9036557e+00  -1.6101048e+01
   8.0000000e+00  -1.8791762e+00  -2.3005172e+00  -3.8320437e+00  -4.6369798e+00  -4.1283157e+00  -4.6120116e+00  -5.5937279e+00  -5.8480869e+00  -9.2400388e+00
   9.0000000e+00  -9.3710431e-01  -1.1733078e+00  -2.1006309e+00  -2.6050349e+00  -2.1862159e+00  -2.5291523e+00  -3.1270733e+00  -3.2638895e+00  -4.8346316e+00
   1.0000000e+01  -3.0795995e-01  -4.0344306e-01  -8.9559211e-01  -1.1804461e+00  -8.7073147e-01  -1.0853087e+00  -1.3512706e+00  -1.3955053e+00  -2.0461166e+00
   1.1000000e+01   0.0000000e+00  -9.5567805e-03  -2.0130431e-01  -3.2079188e-01  -1.4677407e-01  -2.4759289e-01  -3.0053342e-01  -3.0184627e-01  -4.8975595e-01
   1.2000000e+01  -1.8854316e-02   0.0000000e+00   0.0000000e+00   0.0000000e+00   0.0000000e+00   0.0000000e+00   0.0000000e+00   0.0000000e+00   0.0000000e+00
   1.3000000e+01  -3.7572859e-01  -3.7990453e-01  -2.8038945e-01  -2.1091020e-01  -4.3810993e-01  -3.4701435e-01  -4.9454431e-01  -5.2131938e-01  -5.3702586e-01
   1.4000000e+01  -1.0912344e+00  -1.1586152e+00  -1.0432765e+00  -9.6177692e-01  -1.4906175e+00  -1.3166305e+00  -1.8761167e+00  -1.9458071e+00  -2.1731592e+00
   1.5000000e+01  -2.1945230e+00  -2.3572844e+00  -2.3082018e+00  -2.2749662e+00  -3.2151698e+00  -2.9690222e+00  -4.3294467e+00  -4.4552639e+00  -5.1475319e+00
   1.6000000e+01  -3.7196921e+00  -4.0154083e+00  -4.1181901e+00  -4.1924906e+00  -5.7196255e+00  -5.4202520e+00  -8.2108458e+00  -8.4664311e+00  -1.0065754e+01
   1.7000000e+01  -5.7012987e+00  -6.1961801e+00  -6.5326689e+00  -6.7825779e+00  -9.2082935e+00  -8.8981031e+00  -1.3886075e+01  -1.5139597e+01  -1.8550132e+01
   1.8000000e+01  -8.1654944e+00  -8.9911852e+00  -9.5761184e+00  -1.0105617e+01  -1.4017559e+01  -1.3842958e+01  -1.7244106e+01  -2.8554699e+01  -2.3969830e+01
   1.9000000e+01  -1.1096046e+01  -1.2519926e+01  -1.3028920e+01  -1.3941900e+01  -1.9799679e+01  -2.0341889e+01  -1.4899789e+01  -2.1800913e+01  -2.1172604e+01
   2.0000000e+01  -1.4311377e+01  -1.6892624e+01  -1.5974634e+01  -1.6950749e+01  -2.1242482e+01  -2.1602026e+01  -1.3866050e+01  -1.8634727e+01  -2.5971881e+01
   2.1000000e+01  -1.7207126e+01  -2.2013272e+01  -1.7448979e+01  -1.7859392e+01  -1.9768127e+01  -1.9176074e+01  -1.4388400e+01  -1.7254308e+01  -2.5953120e+01
   2.2000000e+01  -1.8970657e+01  -2.7256136e+01  -1.8314204e+01  -1.8431429e+01  -1.9523339e+01  -1.8481402e+01  -1.5332180e+01  -1.5021703e+01  -1.6416928e+01
   2.3000000e+01  -1.9809543e+01  -3.3326747e+01  -1.9765460e+01  -2.0353530e+01  -1.9446730e+01  -1.8664437e+01  -1.5390139e+01  -1.2589148e+01  -1.2374597e+01
   2.4000000e+01  -2.0619679e+01  -5.1108990e+01  -2.1932493e+01  -2.4988896e+01  -1.7818859e+01  -1.8203509e+01  -1.4725503e+01  -1.0879657e+01  -1.0546147e+01
   2.5000000e+01  -2.1785375e+01  -3.0202228e+01  -2.2992361e+01  -3.8550049e+01  -1.5415084e+01  -1.6702777e+01  -1.4399204e+01  -1.0039940e+01  -1.0044484e+01
   2.6000000e+01  -2.2991743e+01  -2.4153748e+01  -2.1206672e+01  -2.7700789e+01  -1.3491709e+01  -1.5162067e+01  -1.4898857e+01  -9.9679375e+00  -1.0429462e+01
   2.7000000e+01  -2.3406198e+01  -2.0885663e+01  -1.8961163e+01  -2.2109432e+01  -1.2337969e+01  -1.4206700e+01  -1.6270691e+01  -1.0515571e+01  -1.1325854e+01
   2.8000000e+01  -2.2761835e+01  -1.9026250e+01  -1.7551649e+01  -1.9881119e+01  -1.1908149e+01  -1.3965196e+01  -1.8278168e+01  -1.1501856e+01  -1.2331019e+01
   2.9000000e+01  -2.1806874e+01  -1.8103145e+01  -1.7041036e+01  -1.9317411e+01  -1.2110124e+01  -1.4413634e+01  -2.0193329e+01  -1.2671084e+01  -1.3150191e+01
   3.0000000e+01  -2.1161851e+01  -1.7894764e+01  -1.7327960e+01  -1.9950270e+01  -1.2852883e+01  -1.5485670e+01  -2.0964629e+01  -1.3665497e+01  -1.3782096e+01
   3.1000000e+01  -2.1023709e+01  -1.8273381e+01  -1.8341568e+01  -2.1650557e+01  -1.4037667e+01  -1.7058998e+01  -2.0488026e+01  -1.4155423e+01  -1.4389606e+01
   3.2000000e+01  -2.1409212e+01  -1.9136233e+01  -2.0045789e+01  -2.4423717e+01  -1.5532675e+01  -1.8877158e+01  -1.9367468e+01  -1.4120232e+01  -1.5040048e+01
   3.3000000e+01  -2.2294533e+01  -2.0360223e+01  -2.2389491e+01  -2.7963926e+01  -1.7147420e+01  -2.0491986e+01  -1.7974461e+01  -1.3853839e+01  -1.5677857e+01
   3.4000000e+01  -2.3666432e+01  -2.1778460e+01  -2.5150241e+01  -2.9887380e+01  -1.8650013e+01  -2.1512128e+01  -1.6608895e+01  -1.3673424e+01  -1.6282093e+01
   3.5000000e+01  -2.5545462e+01  -2.3210693e+01  -2.7591791e+01  -2.8602270e+01  -1.9869259e+01  -2.2049198e+01  -1.5538218e+01  -1.3768996e+01  -1.6962657e+01
   3.6000000e+01  -2.7997257e+01  -2.4562799e+01  -2.8654217e+01  -2.7221261e+01  -2.0784390e+01  -2.2525945e+01  -1.4908462e+01  -1.4225152e+01  -1.7883798e+01
   3.7000000e+01  -3.1108021e+01  -2.5906106e+01  -2.8471763e+01  -2.6901121e+01  -2.1455588e+01  -2.3194851e+01  -1.4763239e+01  -1.5068063e+01  -1.9147171e+01
   3.8000000e+01  -3.4733550e+01  -2.7443615e+01  -2.7938153e+01  -2.7687436e+01  -2.1905331e+01  -2.4024052e+01  -1.5093523e+01  -1.6287873e+01  -2.0721018e+01
   3.9000000e+01  -3.7365706e+01  -2.9446960e+01  -2.7424074e+01  -2.9640186e+01  -2.2122795e+01  -2.4778763e+01  -1.5864702e+01  -1.7840508e+01  -2.2386004e+01
   4.0000000e+01  -3.6919611e+01  -3.2299709e+01  -2.6941794e+01  -3.3163841e+01  -2.2142451e+01  -2.5209231e+01  -1.7025028e+01  -1.9645061e+01  -2.3772464e+01
   4.1000000e+01  -3.5327561e+01  -3.6806624e+01  -2.6457450e+01  -3.9941202e+01  -2.2064020e+01  -2.5288896e+01  -1.8509534e+01  -2.1596511e+01  -2.4672020e+01
   4.2000000e+01  -3.4161372e+01  -4.6121707e+01  -2.5988219e+01  -4.8935130e+01  -2.2003364e+01  -2.5219226e+01  -2.0248137e+01  -2.3600337e+01  -2.5288790e+01
   4.3000000e+01  -3.3561468e+01  -4.6307578e+01  -2.5590967e+01  -3.7735124e+01  -2.2049424e+01  -2.5228461e+01  -2.2177686e+01  -2.5586522e+01  -2.5961034e+01
   4.4000000e+01  -3.3402558e+01  -3.8117360e+01  -2.5321812e+01  -3.3417603e+01  -2.2253798e+01  -2.5460772e+01  -2.4246489e+01  -2.7419321e+01  -2.6856467e+01
   4.5000000e+01  -3.3555045e+01  -3.4544932e+01  -2.5208612e+01  -3.1222099e+01  -2.2634688e+01  -2.5981524e+01  -2.6392622e+01  -2.8724018e+01  -2.7957150e+01
   4.6000000e+01  -3.3901256e+01  -3.2525149e+01  -2.5244903e+01  -3.0055982e+01  -2.3181204e+01  -2.6802943e+01  -2.8489707e+01  -2.9042936e+01  -2.9161245e+01
   4.7000000e+01  -3.4321487e+01  -3.1268096e+01  -2.5397222e+01  -2.9485109e+01  -2.3855835e+01  -2.7894659e+01  -3.0315633e+01  -2.8497667e+01  -3.0394474e+01
   4.8000000e+01  -3.4688527e+01  -3.0432517e+01  -2.5617925e+01  -2.9264568e+01  -2.4596916e+01  -2.9178529e+01  -3.1687507e+01  -2.7689188e+01  -3.1658464e+01
   4.9000000e+01  -3.4883313e+01  -2.9835273e+01  -2.5859314e+01  -2.9227358e+01  -2.5324327e+01  -3.0513092e+01  -3.2718816e+01  -2.7041131e+01  -3.2977316e+01
   5.0000000e+01  -3.4832668e+01  -2.9374044e+01  -2.6085918e+01  -2.9251592e+01  -2.5953460e+01  -3.1687245e+01  -3.3810538e+01  -2.6703145e+01  -3.4325346e+01
   5.1000000e+01  -3.4543960e+01  -2.8999026e+01  -2.6281237e+01  -2.9251552e+01  -2.6420235e+01  -3.2476001e+01  -3.5438380e+01  -2.6696238e+01  -3.5635995e+01
   5.2000000e+01  -3.4098852e+01  -2.8696360e+01  -2.6446601e+01  -2.9177785e+01  -2.6707764e+01  -3.2780344e+01  -3.8167887e+01  -2.7000284e+01  -3.6881178e+01
   5.3000000e+01  -3.3607653e+01  -2.8473506e+01  -2.6593564e+01  -2.9018567e+01  -2.6853702e+01  -3.2706392e+01  -4.3166044e+01  -2.7578721e+01  -3.8088453e+01
   5.4000000e+01  -3.3164796e+01  -2.8346187e+01  -2.6734596e+01  -2.8795245e+01  -2.6929823e+01  -3.2462632e+01  -5.2508080e+01  -2.8367495e+01  -3.9149841e+01
   5.5000000e+01  -3.2829364e+01  -2.8328822e+01  -2.6876900e+01  -2.8549169e+01  -2.7010998e+01  -3.2223550e+01  -4.4308705e+01  -2.9244554e+01  -3.9498162e+01
   5.6000000e+01  -3.2624387e+01  -2.8429108e+01  -2.7021598e+01  -2.8325927e+01  -2.7154279e+01  -3.2088114e+01  -3.8900396e+01  -3.0011975e+01  -3.8519750e+01
   5.7000000e+01  -3.2542260e+01  -2.8645995e+01  -2.7167296e+01  -2.8163974e+01  -2.7392684e+01  -3.2097032e+01  -3.6043744e+01  -3.0460961e+01  -3.6692254e+01
   5.8000000e+01  -3.2550936e+01  -2.8970010e+01  -2.7315034e+01  -2.8089777e+01  -2.7737676e+01  -3.2256406e+01  -3.4420738e+01  -3.0527804e+01  -3.4886154e+01
   5.9000000e+01  -3.2602274e+01  -2.9385354e+01  -2.7471427e+01  -2.8117554e+01  -2.8184495e+01  -3.2552856e+01  -3.3550583e+01  -3.0348930e+01  -3.3494322e+01
   6.0000000e+01  -3.2646013e+01  -2.9873519e+01  -2.7648535e+01  -2.8251154e+01  -2.8717784e+01  -3.2961968e+01  -3.3193014e+01  -3.0124218e+01  -3.2589113e+01
   6.1000000e+01  -3.2648628e+01  -3.0417914e+01  -2.7861237e+01  -2.8486671e+01  -2.9317094e+01  -3.3454167e+01  -3.3198022e+01  -2.9988010e+01  -3.2134956e+01
   6.2000000e+01  -3.2608152e+01  -3.1008297e+01  -2.8123969e+01  -2.8815261e+01  -2.9962197e+01  -3.4000423e+01  -3.3456796e+01  -2.9989047e+01  -3.2065251e+01
   6.3000000e+01  -3.2554569e+01  -3.1643371e+01  -2.8448338e+01  -2.9225881e+01  -3.0637653e+01  -3.4577814e+01  -3.3885051e+01  -3.0119614e+01  -3.2303605e+01
   6.4000000e+01  -3.2536172e+01  -3.2330525e+01  -2.8842036e+01  -2.9707678e+01  -3.1335479e+01  -3.5173105e+01  -3.4419031e+01  -3.0345592e+01  -3.2770377e+01
   6.5000000e+01  -3.2602929e+01  -3.3083088e+01  -2.9308784e+01  -3.0251661e+01  -3.2055053e+01  -3.5782571e+01  -3.5014751e+01  -3.0627447e+01  -3.3387882e+01
   6.6000000e+01  -3.2796197e+01  -3.3916623e+01  -2.9848826e+01  -3.0851407e+01  -3.2800488e+01  -3.6408209e+01  -3.5644760e+01  -3.0933119e+01  -3.4087484e+01
   6.7000000e+01  -3.3146122e+01  -3.4845782e+01  -3.0459593e+01  -3.1502801e+01  -3.3576787e+01  -3.7052630e+01  -3.6291244e+01  -3.1243764e+01  -3.4816639e+01
   6.8000000e+01  -3.3673666e+01  -3.5882492e+01  -3.1136326e+01  -3.2203073e+01  -3.4386279e+01  -3.7715200e+01  -3.6938649e+01  -3.1553403e+01  -3.5541741e+01
   6.9000000e+01  -3.4394313e+01  -3.7035426e+01  -3.1872588e+01  -3.2949562e+01  -3.5226291e+01  -3.8390757e+01  -3.7569899e+01  -3.1864840e+01  -3.6244923e+01
   7.0000000e+01  -3.5321996e+01  -3.8310341e+01  -3.2660675e+01  -3.3738593e+01  -3.6088230e+01  -3.9070623e+01  -3.8167568e+01  -3.2184713e+01  -3.6917772e+01
   7.1000000e+01  -3.6473076e+01  -3.9710785e+01  -3.3491933e+01  -3.4564727e+01  -3.6957849e+01  -3.9744748e+01  -3.8717952e+01  -3.2519585e+01  -3.7556929e+01
   7.2000000e+01  -3.7870859e+01  -4.1238794e+01  -3.4357042e+01  -3.5420476e+01  -3.7816426e+01  -4.0403671e+01  -3.9214328e+01  -3.2873641e+01  -3.8163762e+01
   7.3000000e+01  -3.9551840e+01  -4.2895241e+01  -3.5246263e+01  -3.6296473e+01  -3.8642698e+01  -4.1039511e+01  -3.9656976e+01  -3.3247743e+01  -3.8746083e+01
   7.4000000e+01  -4.1575786e+01  -4.4679357e+01  -3.6149697e+01  -3.7182006e+01  -3.9415470e+01  -4.1645923e+01  -4.0050391e+01  -3.3639438e+01  -3.9318376e+01
   7.5000000e+01  -4.4043570e+01  -4.6586559e+01  -3.7057528e+01  -3.8065807e+01  -4.0116661e+01  -4.2217573e+01  -4.0400038e+01  -3.4043590e+01  -3.9898846e+01
   7.6000000e+01  -4.7126674e+01  -4.8602758e+01  -3.7960277e+01  -3.8936949e+01  -4.0734255e+01  -4.2749835e+01  -4.0710615e+01  -3.4453422e+01  -4.0504391e+01
   7.7000000e+01  -5.1065108e+01  -5.0691725e+01  -3.8849034e+01  -3.9785687e+01  -4.1264254e+01  -4.3239047e+01  -4.0986215e+01  -3.4861784e+01  -4.1145714e+01
   7.8000000e+01  -5.5412363e+01  -5.2771273e+01  -3.9715659e+01  -4.0604091e+01  -4.1710909e+01  -4.3683227e+01  -4.1231526e+01  -3.5262424e+01  -4.1824050e+01
   7.9000000e+01  -5.5675214e+01  -5.4682427e+01  -4.0552946e+01  -4.1386384e+01  -4.2085116e+01  -4.4082772e+01  -4.1452906e+01  -3.5651018e+01  -4.2529877e+01
   8.0000000e+01  -5.2425411e+01  -5.6192683e+01  -4.1354728e+01  -4.2128940e+01  -4.2401635e+01  -4.4440721e+01  -4.1658662e+01  -3.6025745e+01  -4.3243553e+01
   8.1000000e+01  -4.9735175e+01  -5.7109381e+01  -4.2115914e+01  -4.2830023e+01  -4.2676175e+01  -4.4762370e+01  -4.1858475e+01  -3.6387336e+01  -4.3938043e+01
   8.2000000e+01  -4.7834408e+01  -5.7444836e+01  -4.2832471e+01  -4.3489355e+01  -4.2923126e+01  -4.5054398e+01  -4.2062372e+01  -3.6738644e+01  -4.4583929e+01
   8.3000000e+01  -4.6466934e+01  -5.7399148e+01  -4.3501348e+01  -4.4107654e+01  -4.3154273e+01  -4.5323824e+01  -4.2279712e+01  -3.7083933e+01  -4.5156219e+01
   8.4000000e+01  -4.5453987e+01  -5.7188661e+01  -4.4120350e+01  -4.4686213e+01  -4.3378370e+01  -4.5577108e+01  -4.2518476e+01  -3.7428115e+01  -4.5640956e+01
   8.5000000e+01  -4.4684139e+01  -5.6950463e+01  -4.4687991e+01  -4.5226577e+01  -4.3601294e+01  -4.5819569e+01  -4.2784944e+01  -3.7776093e+01  -4.6038767e+01
   8.6000000e+01  -4.4085131e+01  -5.6748621e+01  -4.5203337e+01  -4.5730315e+01  -4.3826503e+01  -4.6055144e+01  -4.3083689e+01  -3.8132313e+01  -4.6363639e+01
   8.7000000e+01  -4.3607520e+01  -5.6605340e+01  -4.5665859e+01  -4.6198868e+01  -4.4055589e+01  -4.6286422e+01  -4.3417765e+01  -3.8500528e+01  -4.6637954e+01
   8.8000000e+01  -4.3215780e+01  -5.6523203e+01  -4.6075308e+01  -4.6633438e+01  -4.4288810e+01  -4.6514846e+01  -4.3788977e+01  -3.8883730e+01  -4.6886597e+01
   8.9000000e+01  -4.2883333e+01  -5.6496806e+01  -4.6431632e+01  -4.7034902e+01  -4.4525560e+01  -4.6741002e+01  -4.4198130e+01  -3.9284193e+01  -4.7132525e+01
   9.0000000e+01  -4.2589665e+01  -5.6518157e+01  -4.6734937e+01  -4.7403707e+01  -4.4764745e+01  -4.6964925e+01  -4.4645221e+01  -3.9703573e+01  -4.7394555e+01
   9.1000000e+01  -4.2318579e+01  -5.6579018e+01  -4.6985497e+01  -4.7739748e+01  -4.5005086e+01  -4.7186388e+01  -4.5129504e+01  -4.0142998e+01  -4.7686895e+01
   9.2000000e+01  -4.2057132e+01  -5.6671857e+01  -4.7183794e+01  -4.8042222e+01  -4.5245336e+01  -4.7405149e+01  -4.5649397e+01  -4.0603144e+01  -4.8019558e+01
   9.3000000e+01  -4.1794979e+01  -5.6790140e+01  -4.7330599e+01  -4.8309453e+01  -4.5484444e+01  -4.7621146e+01  -4.6202192e+01  -4.1084225e+01  -4.8398956e+01
   9.4000000e+01  -4.1523972e+01  -5.6928322e+01  -4.7427055e+01  -4.8538720e+01  -4.5721646e+01  -4.7834628e+01  -4.6783502e+01  -4.1585907e+01  -4.8828230e+01
   9.5000000e+01  -4.1237924e+01  -5.7081606e+01  -4.7474741e+01  -4.8726108e+01  -4.5956489e+01  -4.8046208e+01  -4.7386440e+01  -4.2107091e+01  -4.9307097e+01
   9.6000000e+01  -4.0932477e+01  -5.7245489e+01  -4.7475713e+01  -4.8866441e+01  -4.6188784e+01  -4.8256840e+01  -4.8000549e+01  -4.2645534e+01  -4.9831103e+01
   9.7000000e+01  -4.0605015e+01  -5.7415007e+01  -4.7432477e+01  -4.8953351e+01  -4.6418461e+01  -4.8467680e+01  -4.8610703e+01  -4.3197289e+01  -5.0390411e+01
   9.8000000e+01  -4.0254599e+01  -5.7583557e+01  -4.7347908e+01  -4.8979572e+01  -4.6645314e+01  -4.8679838e+01  -4.9196488e+01  -4.3755929e+01  -5.0968498e+01
   9.9000000e+01  -3.9881892e+01  -5.7741194e+01  -4.7225115e+01  -4.8937503e+01  -4.6868607e+01  -4.8893990e+01  -4.9732932e+01  -4.4311602e+01  -5.1541783e+01
   1.0000000e+02  -3.9489055e+01  -5.7872409e+01  -4.7067262e+01  -4.8820057e+01  -4.7086524e+01  -4.9109847e+01  -5.0193567e+01  -4.4850051e+01  -5.2081666e+01
   1.0100000e+02  -3.9079618e+01  -5.7953800e+01  -4.6877394e+01  -4.8621728e+01  -4.7295462e+01  -4.9325480e+01  -5.0556018e+01  -4.5351925e+01  -5.2560127e+01
   1.0200000e+02  -3.8658311e+01  -5.7952801e+01  -4.6658294e+01  -4.8339694e+01  -4.7489202e+01  -4.9536562e+01  -5.0808479e+01  -4.5792941e+01  -5.2957441e+01
   1.0300000e+02  -3.8230882e+01  -5.7829661e+01  -4.6412416e+01  -4.7974745e+01  -4.7658082e+01  -4.9735631e+01  -5.0953675e+01  -4.6145650e+01  -5.3266317e+01
   1.0400000e+02  -3.7803902e+01  -5.7545008e+01  -4.6141924e+01  -4.7531784e+01  -4.7788424e+01  -4.9911583e+01  -5.1007571e+01  -4.6383369e+01  -5.3484904e+01
   1.0500000e+02  -3.7384586e+01  -5.7072579e+01  -4.5848838e+01  -4.7019802e+01  -4.7862647e+01  -5.0049711e+01  -5.0993362e+01  -4.6486033e+01  -5.3596187e+01
   1.0600000e+02  -3.6980626e+01  -5.6411255e+01  -4.5535290e+01  -4.6451314e+01  -4.7860586e+01  -5.0132602e+01  -5.0934301e+01  -4.6446350e+01  -5.3543506e+01
   1.0700000e+02  -3.6600072e+01  -5.5588021e+01  -4.5203857e+01  -4.5841413e+01  -4.7762416e+01  -5.0142054e+01  -5.0848916e+01  -4.6273734e+01  -5.3229686e+01
   1.0800000e+02  -3.6251239e+01  -5.4649394e+01  -4.4857906e+01  -4.5206619e+01  -4.7552917e+01  -5.0061757e+01  -5.0749930e+01  -4.5994053e+01  -5.2572215e+01
   1.0900000e+02  -3.5942661e+01  -5.3647657e+01  -4.4501897e+01  -4.4563719e+01  -4.7225896e+01  -4.9880096e+01  -5.0645808e+01  -4.5645255e+01  -5.1588547e+01
   1.1000000e+02  -3.5683080e+01  -5.2629921e+01  -4.4141581e+01  -4.3928757e+01  -4.6786920e+01  -4.9592295e+01  -5.0542758e+01  -4.5270748e+01  -5.0411179e+01
   1.1100000e+02  -3.5481462e+01  -5.1633136e+01  -4.3784028e+01  -4.3316292e+01  -4.6253032e+01  -4.9201522e+01  -5.0445446e+01  -4.4912902e+01  -4.9211122e+01
   1.1200000e+02  -3.5347026e+01  -5.0683697e+01  -4.3437460e+01  -4.2738982e+01  -4.5649613e+01  -4.8719006e+01  -5.0356358e+01  -4.4608234e+01  -4.8125092e+01
   1.1300000e+02  -3.5289273e+01  -4.9799174e+01  -4.3110879e+01  -4.2207559e+01  -4.5005883e+01  -4.8163295e+01  -5.0275477e+01  -4.4384829e+01  -4.7236469e+01
   1.1400000e+02  -3.5318013e+01  -4.8990530e+01  -4.2813525e+01  -4.1731171e+01  -4.4350759e+01  -4.7558599e+01  -5.0202166e+01  -4.4261924e+01  -4.6587169e+01
   1.1500000e+02  -3.5443379e+01  -4.8264152e+01  -4.2554231e+01  -4.1318025e+01  -4.3710087e+01  -4.6932196e+01  -5.0139364e+01  -4.4251291e+01  -4.6194462e+01
   1.1600000e+02  -3.5675832e+01  -4.7623601e+01  -4.2340754e+01  -4.0976210e+01  -4.3105461e+01  -4.6311396e+01  -5.0097798e+01  -4.4359844e+01  -4.6064510e+01
   1.1700000e+02  -3.6026181e+01  -4.7071186e+01  -4.2179196e+01  -4.0714486e+01  -4.2554367e+01  -4.5720966e+01  -5.0097572e+01  -4.4592539e+01  -4.6202668e+01
   1.1800000e+02  -3.6505631e+01  -4.6609439e+01  -4.2073590e+01  -4.0542835e+01  -4.2071208e+01  -4.5181834e+01  -5.0167105e+01  -4.4954113e+01  -4.6621516e+01
   1.1900000e+02  -3.7125889e+01  -4.6242438e+01  -4.2025771e+01  -4.0472579e+01  -4.1668742e+01  -4.4711356e+01  -5.0342237e+01  -4.5447893e+01  -4.7346136e+01
   1.2000000e+02  -3.7899337e+01  -4.5976791e+01  -4.2035629e+01  -4.0515963e+01  -4.1359372e+01  -4.4324717e+01  -5.0668195e+01  -4.6070348e+01  -4.8414745e+01
   1.2100000e+02  -3.8839257e+01  -4.5822044e+01  -4.2101869e+01  -4.0685203e+01  -4.1155787e+01  -4.4036557e+01  -5.1204173e+01  -4.6801885e+01  -4.9871527e+01
   1.2200000e+02  -3.9960037e+01  -4.5790332e+01  -4.2223302e+01  -4.0991136e+01  -4.1070563e+01  -4.3861784e+01  -5.2027638e+01  -4.7598191e+01  -5.1745585e+01
   1.2300000e+02  -4.1277205e+01  -4.5895294e+01  -4.2400560e+01  -4.1441712e+01  -4.1114658e+01  -4.3814857e+01  -5.3235949e+01  -4.8391744e+01  -5.4002626e+01
   1.2400000e+02  -4.2807048e+01  -4.6150460e+01  -4.2637793e+01  -4.2040750e+01  -4.1295118e+01  -4.3907475e+01  -5.4946616e+01  -4.9113540e+01  -5.6454852e+01
   1.2500000e+02  -4.4565422e+01  -4.6567507e+01  -4.2943699e+01  -4.2787579e+01  -4.1612769e+01  -4.4145378e+01  -5.7301367e+01  -4.9728634e+01  -5.8696319e+01
   1.2600000e+02  -4.6565218e+01  -4.7154910e+01  -4.3331252e+01  -4.3678290e+01  -4.2061064e+01  -4.4525626e+01  -6.0465305e+01  -5.0254535e+01  -6.0330984e+01
   1.2700000e+02  -4.8811785e+01  -4.7917607e+01  -4.3815943e+01  -4.4709111e+01  -4.2627499e+01  -4.5036165e+01  -6.4357422e+01  -5.0739589e+01  -6.1383213e+01
   1.2800000e+02  -5.1295276e+01  -4.8858277e+01  -4.4413092e+01  -4.5881644e+01  -4.3298566e+01  -4.5659530e+01  -6.6230243e+01  -5.1218042e+01  -6.2113487e+01
   1.2900000e+02  -5.3977837e+01  -4.9980445e+01  -4.5135433e+01  -4.7208514e+01  -4.4067508e+01  -4.6381381e+01  -6.3045794e+01  -5.1673916e+01  -6.2586145e+01
   1.3000000e+02  -5.6768847e+01  -5.1293029e+01  -4.5992302e+01  -4.8717323e+01  -4.4941554e+01  -4.7201632e+01  -5.9256810e+01  -5.2034605e+01  -6.2647380e+01
   1.3100000e+02  -5.9468472e+01  -5.2815479e+01  -4.6991216e+01  -5.0451402e+01  -4.5943877e+01  -4.8142395e+01  -5.6240678e+01  -5.2207839e+01  -6.2143745e+01
   1.3200000e+02  -6.1671832e+01  -5.4583581e+01  -4.8141248e+01  -5.2467591e+01  -4.7107430e+01  -4.9246373e+01  -5.3918753e+01  -5.2150134e+01  -6.1116043e+01
   1.3300000e+02  -6.2839283e+01  -5.6658686e+01  -4.9456121e+01  -5.4833290e+01  -4.8462368e+01  -5.0563706e+01  -5.2149666e+01  -5.1903737e+01  -5.9778317e+01
   1.3400000e+02  -6.2858931e+01  -5.9147165e+01  -5.0954804e+01  -5.7626611e+01  -5.0022923e+01  -5.2131515e+01  -5.0817926e+01  -5.1560667e+01  -5.8340144e+01
   1.3500000e+02  -6.2263996e+01  -6.2239321e+01  -5.2660021e+01  -6.0941814e+01  -5.1781730e+01  -5.3954964e+01  -4.9834594e+01  -5.1204358e+01  -5.6917640e+01
   1.3600000e+02  -6.1615429e+01  -6.6232197e+01  -5.4599670e+01  -6.4870707e+01  -5.3718272e+01  -5.6001377e+01  -4.9142908e+01  -5.0885178e+01  -5.5578153e+01
   1.3700000e+02  -6.1200646e+01  -7.0678650e+01  -5.6817172e+01  -6.9153298e+01  -5.5821539e+01  -5.8216704e+01  -4.8719374e+01  -5.0626872e+01  -5.4404315e+01
   1.3800000e+02  -6.1119726e+01  -7.0317511e+01  -5.9383695e+01  -7.1406569e+01  -5.8116794e+01  -6.0551983e+01  -4.8568250e+01  -5.0443575e+01  -5.3503196e+01
   1.3900000e+02  -6.1376976e+01  -6.6649611e+01  -6.2356393e+01  -6.9800914e+01  -6.0675024e+01  -6.2940376e+01  -4.8713807e+01  -5.0355469e+01  -5.2972868e+01
   1.4000000e+02  -6.1913033e+01  -6.3928348e+01  -6.5491118e+01  -6.7647018e+01  -6.3568328e+01  -6.5165752e+01  -4.9191400e+01  -5.0393004e+01  -5.2871088e+01
   1.4100000e+02  -6.2600981e+01  -6.2243162e+01  -6.7704480e+01  -6.6303198e+01  -6.6740527e+01  -6.6856755e+01  -5.0043585e+01  -5.0597587e+01  -5.3210176e+01
   1.4200000e+02  -6.3223104e+01  -6.1373151e+01  -6.8504472e+01  -6.5919661e+01  -6.9904913e+01  -6.8061090e+01  -5.1332031e+01  -5.1040134e+01  -5.3979371e+01
   1.4300000e+02  -6.3477893e+01  -6.1193247e+01  -6.9677781e+01  -6.6626529e+01  -7.2955780e+01  -6.9537598e+01  -5.3152021e+01  -5.1837046e+01  -5.5180651e+01
   1.4400000e+02  -6.3139925e+01  -6.1614879e+01  -7.3286115e+01  -6.8808075e+01  -7.6377044e+01  -7.2427691e+01  -5.5609264e+01  -5.3125041e+01  -5.6848621e+01
   1.4500000e+02  -6.2300274e+01  -6.2502360e+01  -8.1190268e+01  -7.3529606e+01  -7.5755907e+01  -7.9584830e+01  -5.8691958e+01  -5.5011084e+01  -5.9018158e+01
   1.4600000e+02  -6.1298636e+01  -6.3583232e+01  -7.3247484e+01  -8.3084084e+01  -7.0172413e+01  -8.0058791e+01  -6.1880959e+01  -5.7532200e+01  -6.1586464e+01
   1.4700000e+02  -6.0443432e+01  -6.4457185e+01  -6.7480828e+01  -7.6090076e+01  -6.6222566e+01  -7.1026386e+01  -6.4012529e+01  -6.0676191e+01  -6.4122631e+01
   1.4800000e+02  -5.9900745e+01  -6.4844628e+01  -6.4311964e+01  -7.1212480e+01  -6.4010050e+01  -6.7081264e+01  -6.5031430e+01  -6.4542602e+01  -6.6187688e+01
   1.4900000e+02  -5.9726860e+01  -6.4799197e+01  -6.2433520e+01  -6.9085477e+01  -6.3030555e+01  -6.5179426e+01  -6.5949326e+01  -6.9366532e+01  -6.8126804e+01
   1.5000000e+02  -5.9908120e+01  -6.4578867e+01  -6.1428921e+01  -6.8340823e+01  -6.2867129e+01  -6.4442656e+01  -6.7314758e+01  -7.4484072e+01  -7.0981431e+01
   1.5100000e+02  -6.0360071e+01  -6.4476555e+01  -6.1145665e+01  -6.8642712e+01  -6.3173531e+01  -6.4400559e+01  -6.9592529e+01  -7.6243208e+01  -7.6196089e+01
   1.5200000e+02  -6.0889625e+01  -6.4702864e+01  -6.1455473e+01  -6.9965516e+01  -6.3732513e+01  -6.4724377e+01  -7.3072034e+01  -7.3350375e+01  -7.6725438e+01
   1.5300000e+02  -6.1204260e+01  -6.5213217e+01  -6.2140700e+01  -7.1931038e+01  -6.4510371e+01  -6.5244585e+01  -7.5960732e+01  -6.9965959e+01  -7.0729136e+01
   1.5400000e+02  -6.1121382e+01  -6.5556589e+01  -6.2913037e+01  -7.2486103e+01  -6.5561926e+01  -6.5926342e+01  -7.5685389e+01  -6.7902350e+01  -6.7698099e+01
   1.5500000e+02  -6.0807915e+01  -6.5199806e+01  -6.3551869e+01  -7.0432844e+01  -6.6733582e+01  -6.6612584e+01  -7.5558911e+01  -6.7181816e+01  -6.6625921e+01
   1.5600000e+02  -6.0655071e+01  -6.4295492e+01  -6.3980508e+01  -6.8034516e+01  -6.7333857e+01  -6.6768798e+01  -7.6971589e+01  -6.7451744e+01  -6.6839173e+01
   1.5700000e+02  -6.1049716e+01  -6.3475382e+01  -6.4301131e+01  -6.6425963e+01  -6.6770778e+01  -6.6032895e+01  -7.8158362e+01  -6.8619366e+01  -6.8607683e+01
   1.5800000e+02  -6.2367010e+01  -6.3261587e+01  -6.4975882e+01  -6.5931716e+01  -6.5722361e+01  -6.4925174e+01  -7.3672443e+01  -7.1144715e+01  -7.4444425e+01
   1.5900000e+02  -6.4930704e+01  -6.4090132e+01  -6.6822726e+01  -6.6859966e+01  -6.5191506e+01  -6.4226314e+01  -6.8767389e+01  -7.5013691e+01  -8.0951308e+01
   1.6000000e+02  -6.6850658e+01  -6.6664219e+01  -7.1271757e+01  -6.9535094e+01  -6.5734742e+01  -6.4523567e+01  -6.6282905e+01  -7.7620964e+01  -6.9735229e+01
   1.6100000e+02  -6.3188095e+01  -7.3206019e+01  -8.3589561e+01  -7.2426646e+01  -6.7825579e+01  -6.6476967e+01  -6.6167340e+01  -8.1454447e+01  -6.6957353e+01
   1.6200000e+02  -5.8903942e+01  -7.4208171e+01  -7.1020412e+01  -6.9524222e+01  -7.2355519e+01  -7.1771130e+01  -6.8434079e+01  -8.1265608e+01  -6.7231905e+01
   1.6300000e+02  -5.5926330e+01  -6.5050518e+01  -6.4340135e+01  -6.5429333e+01  -7.5003985e+01  -9.2747609e+01  -7.1666345e+01  -7.3146126e+01  -6.9970930e+01
   1.6400000e+02  -5.3972556e+01  -6.0430919e+01  -6.0386232e+01  -6.2500111e+01  -6.8243303e+01  -7.0305573e+01  -6.7781397e+01  -6.7995951e+01  -7.2964501e+01
   1.6500000e+02  -5.2753308e+01  -5.7603572e+01  -5.7822646e+01  -6.0485142e+01  -6.3669808e+01  -6.4879665e+01  -6.2941530e+01  -6.4120545e+01  -6.6980050e+01
   1.6600000e+02  -5.2065645e+01  -5.5789227e+01  -5.6276938e+01  -5.9195207e+01  -6.0840256e+01  -6.1931344e+01  -5.9850751e+01  -6.1257769e+01  -6.2091292e+01
   1.6700000e+02  -5.1764418e+01  -5.4668196e+01  -5.5542422e+01  -5.8512220e+01  -5.9097593e+01  -6.0111638e+01  -5.8069779e+01  -5.9433518e+01  -5.9548893e+01
   1.6800000e+02  -5.1761581e+01  -5.4072885e+01  -5.5461129e+01  -5.8360539e+01  -5.8178113e+01  -5.9087107e+01  -5.7178053e+01  -5.8444215e+01  -5.8488084e+01
   1.6900000e+02  -5.2036262e+01  -5.3910797e+01  -5.5934120e+01  -5.8671721e+01  -5.7933093e+01  -5.8734092e+01  -5.6887165e+01  -5.8011512e+01  -5.8377053e+01
   1.7000000e+02  -5.2629060e+01  -5.4142432e+01  -5.6907321e+01  -5.9296701e+01  -5.8134054e+01  -5.8829137e+01  -5.7142100e+01  -5.8071519e+01  -5.9182963e+01
   1.7100000e+02  -5.3614987e+01  -5.4759356e+01  -5.8303322e+01  -5.9998561e+01  -5.8474741e+01  -5.9077707e+01  -5.7997600e+01  -5.8697019e+01  -6.1241201e+01
   1.7200000e+02  -5.5066380e+01  -5.5749334e+01  -5.9964448e+01  -6.0630891e+01  -5.8826284e+01  -5.9401456e+01  -5.9367343e+01  -5.9750010e+01  -6.4872584e+01
   1.7300000e+02  -5.7015176e+01  -5.7066141e+01  -6.1704790e+01  -6.1336870e+01  -5.9409604e+01  -6.0035857e+01  -6.1003780e+01  -6.0842660e+01  -7.0171511e+01
   1.7400000e+02  -5.9416067e+01  -5.8631185e+01  -6.3438073e+01  -6.2452623e+01  -6.0585440e+01  -6.1290289e+01  -6.2840530e+01  -6.1899197e+01  -7.7056765e+01
   1.7500000e+02  -6.2093719e+01  -6.0356152e+01  -6.5095059e+01  -6.4198229e+01  -6.2580353e+01  -6.3372864e+01  -6.5254582e+01  -6.3388509e+01  -8.2060303e+01
   1.7600000e+02  -6.4650349e+01  -6.2132699e+01  -6.6414877e+01  -6.6447037e+01  -6.5422512e+01  -6.6443978e+01  -6.8564786e+01  -6.5616598e+01  -8.0951090e+01
   1.7700000e+02  -6.6567367e+01  -6.3832479e+01  -6.7284505e+01  -6.8728578e+01  -6.9037867e+01  -7.0763332e+01  -7.1142964e+01  -6.8193703e+01  -8.2073173e+01
   1.7800000e+02  -6.7945534e+01  -6.5456225e+01  -6.8044921e+01  -7.0498729e+01  -7.3300118e+01  -7.6665447e+01  -6.8899210e+01  -6.9703350e+01  -8.3334848e+01
   1.7900000e+02  -6.9768320e+01  -6.7233058e+01  -6.8917992e+01  -7.1329221e+01  -7.7541642e+01  -8.1999970e+01  -6.5172208e+01  -6.8765529e+01  -8.2909962e+01
   1.8000000e+02  -7.3143564e+01  -6.9351175e+01  -6.9633185e+01  -7.1181653e+01  -7.9386735e+01  -8.0392723e+01  -6.2820111e+01  -6.7012741e+01  -8.0331687e+01
